0
50
3,104 22,722 6,161 12,388 14,652
8,1000 15,222
29,128 30,622 8,501
11,481
21,724
31,269
21,805 34,297 1,803 18,390
15,254 21,608 6,486 17,658 20,272
14,357 11,715

8,608
38,262 27,14 31,448 47,471
45,9 35,97 6,1
42,788 5,502
44,759 48,702 4,113
33,31 28,275 27,940
34,614 23,416 30,252 48,321 46,541
4,427 26,546 44,77
41,189
0,91 9,494 20,825
49,442 4,947 17,383
20,970 37,63
19,287
45,615 27,516
18,338 22,259 3,623 28,661 48,472 21,257

23,647

12,630 43,885
10,525
37,221 27,778 28,210
21,68 19,710 14,367
43,755
2,503
11,694 2,52 36,27
6,563 40,305
5,855 42,755
21,388 14,557
31,450

26,431 20,588 49,86

2,28


19,717 24,855 49,166 18,899
40,785 44,358
33,86
23,980
