11
100
35,27 57,676 67,998 59,823 95,660 30,671 90,202 11,264 26,357 50,185 98,75 38,617 92,553 64,210 25,932 63,814 62,286 70,570 24,342 22,391
39,921 16,572 92,94 6,396 33,459 0,467 95,770 38,890 68,544 32,858 65,278 89,408 82,988 81,536 98,833 99,292 10,507 93,270 97,113 69,13 84,808 85,997 72,449 73,962
83,320 76,85 35,135 17,887 15,904 98,276 62,667 85,841 69,576 13,597 26,768 12,291 22,84 1,917 41,385 4,511 29,184 47,924 18,151
72,488 96,740 48,291 58,510 40,682 28,605 21,306 0,643 77,197 73,732 86,228 69,74 15,89 95,535 78,521 23,334 31,31 56,812 89,467 10,513 11,653 63,875 70,696 17,254 57,789 93,511 83,820 1,558 26,385
89,750 58,714 52,454 1,576 70,763 71,147 34,218 62,223 14,240 80,914 22,54 3,195 74,251 5,657 86,83 49,795 36,995 59,303 12,114 29,895 53,373 57,274 43,216 56,517 60,276 19,217
81,713 19,211 25,382 68,384 97,654 29,118 43,985 11,544 64,895 63,459 0,71 94,267 78,189 35,470 34,892 48,180 59,231 16,955 10,80
12,134 75,660 14,350 34,638 50,308 54,390 17,451 76,52 1,376 23,236 67,636 33,141 31,987 70,311 27,11 4,539 15,392 62,1000 77,545 72,117 66,260 13,560 51,944 39,834 79,65
18,315 74,999 33,270 98,976 35,368 80,860 13,665 32,603 10,554 31,851 90,914 34,971 28,544 23,623 70,700 29,67 15,991 60,602 84,427 27,692 45,26 24,129 16,360 85,377 37,558 61,861 50,492 21,523 11,534
68,565 12,296 7,63 74,734 32,475 22,970 31,832 33,855 69,446 13,936 52,428 18,219 29,903 2,635 55,826 91,338 39,510 56,792 62,402 30,629 73,936 84,227 41,717 60,697 1,88 43,602 38,389 11,601
10,475 6,818 65,417 49,610 85,414 64,536 73,895 12,767 87,305 90,326 53,305 99,462 3,321 46,550 75,450 63,995 67,545
27,588 7,333 58,199 84,68 83,632 50,930 66,342 77,78 95,22 25,36 3,696 75,535 51,808 96,220 20,880 45,382 90,401 57,25 74,820 24,745 5,882 39,280 91,45 31,313 86,628 88,315 59,308 30,356 15,63
81,657 3,884 21,210 24,191 15,515 94,961 48,517 14,972 49,374 62,685 17,313 12,186 90,457 30,351 43,881 46,108 23,181 70,464 31,808 72,164 8,115 33,1000 51,691 20,870 38,635 32,335 58,21
96,440 75,196 79,177 41,565 72,727 17,996 39,20 89,530 1,891 28,364 49,47 88,104 8,646 99,92 57,11 30,830 37,117 16,789 59,785 52,422 32,221 78,51 6,550 80,447
53,332 41,285 84,479 23,714 52,61 21,586 0,727 58,105 57,667 45,153 67,147 88,154 48,303 36,229 31,103 91,711 93,105 3,848 9,134 70,706 25,323 37,222 2,248 16,687 62,708 14,540 89,604 60,997 22,235 12,107
70,135 55,394 0,336 34,543 44,625 86,460 40,818 15,458 72,822 1,642 84,587 4,187 29,500 60,896 91,926 57,290 9,398 23,705 19,869
35,382 43,936 42,125 23,199 55,714 39,178 29,182 33,639 52,383 61,752 88,749 11,713 72,712 83,904 10,441 86,612 47,316 68,942 0,106
61,811 78,618 3,409 70,389 52,875 0,877 85,624 40,56 43,479 57,475 34,129 15,954 19,153 6,574 87,38 27,829 49,884 51,857 73,48 25,520 17,529 8,517 62,973 83,464 55,741 95,269 4,113 21,759 89,458 56,343 42,195
57,229 32,436 10,276 44,822 0,970 75,342 90,834 40,549 79,536 13,643 55,593 37,167 15,971 25,704 72,274 42,14 96,975 88,602 62,895 48,265 16,176 26,818
52,173 46,839 68,412 87,89 62,970 89,487 36,216 58,266 21,62 72,322 63,913 28,191 55,613 93,243 6,73 88,980 13,528 56,194 53,850 20,2 99,586 78,97 94,725 80,198 76,970 22,546
54,260 97,869 48,131 43,975 7,10 32,111 17,389 94,289 67,105 24,753 26,675 8,159 56,687 37,956 87,56 23,797 3,594 70,91 78,838 39,208 25,802 89,39 60,945 36,102 2,174 71,147 6,448 12,482 69,730 15,587 11,647 28,658 82,618 86,744 29,114 13,616 76,111 95,105 92,789 44,733
69,376 97,789 91,204 83,597 70,326 31,940 39,827 12,89 71,797 21,271 94,929 25,792 13,884 23,89 44,652 65,512 28,832 63,960 37,986 22,857 48,175 90,427 64,782 32,437 53,864 30,204
97,668 99,476 19,920 46,475 81,463 55,730 20,244 0,814 26,788 25,78 93,404 41,855 78,266 84,231 27,634 69,722
80,26 64,692 2,705 44,767 39,521 60,4 65,903 74,508 63,988 50,143 23,1000 26,126 99,424 56,987 45,137 18,456 55,750 0,71 78,281 86,721 19,743 53,236 38,881 75,502 68,151 79,347 85,931 84,703 12,296 7,213
55,957 96,938 87,226 67,19 11,371 69,11 53,665 14,580 25,458 93,937 35,8 81,311 16,333 10,851 36,954 75,744 50,104 7,736 18,574 56,276 17,688 58,331 83,738 9,595 40,810 13,978 70,221 28,418 45,898 76,300 44,397 43,178 61,345
57,70 56,914 20,51 27,705 17,445 76,449 64,161 70,360 49,541 14,387 33,280 40,637 44,415 90,551 91,61 67,310 41,428 58,461 34,463 3,39
80,10 59,591 99,74 26,814 55,266 15,111 56,504 72,240 13,804 94,959 43,333 53,657 32,839 57,697 69,494 27,421 50,431 68,575 82,351 9,356 62,290 67,463 64,900 44,608 33,356 28,160
50,880 6,365 99,583 49,336 57,200 48,331 29,566 73,768 98,828 11,110 64,974 38,368 4,272 3,623 18,556 33,302 65,356 21,136 15,250 82,865 20,494 51,674
17,384 48,226 25,770 16,637 76,687 87,340 38,815 53,535 98,1 59,386 9,404 37,118 93,58 30,207 99,733 58,165 39,388 35,856 65,126 94,128 77,17 29,305
41,665 2,295 64,302 81,935 23,293 17,577 13,476 30,883 53,539 21,587 92,260 29,6 55,485 75,926 40,351 71,221 96,518 0,629 95,869
24,703 77,68 81,627 17,159 0,904 27,704 99,762 84,957 46,233 2,342 35,503 79,896 97,356 23,256 93,192 19,976 68,572 82,975 5,274 70,130 80,998 7,95 34,327 13,1 76,451 20,260
16,259 88,489 67,580 19,390 91,445 45,245 95,486 93,312 7,943 85,771 99,394 83,429 15,387 52,360 76,186 65,562 32,271 60,278 44,336 92,96 73,267 20,91 27,366 33,439 84,846 96,755 49,40 3,558 53,1000
0,851 24,574 89,642 85,756 79,279 64,145 59,521 87,244 71,60 13,903 18,151 73,300 56,823 65,931 66,910 39,228 5,798 25,263 34,337 91,672 44,610 26,675 57,979 90,276 48,475
28,294 55,932 74,236 68,907 79,529 70,649 18,409 2,669 26,652 58,424 87,811 6,122 75,275 34,7 9,782 76,54 66,199 39,90 41,889 27,538 93,643 67,129 25,828 60,726 51,495 50,717 42,646 40,9 77,89
3,231 39,726 89,603 52,241 93,913 4,448 70,432 83,622 78,818 97,184 98,984 10,995 44,725 1,521 87,42 0,639 11,95 54,888 91,435 43,524 9,736 30,27 76,458 27,812 65,87 55,955 77,590
80,154 66,669 10,102 89,436 14,351 25,689 64,74 74,417 65,268 77,155 81,673 3,248 79,707 98,269 50,914 59,130 78,806 70,46 37,411 16,746 88,896 52,812 83,629 9,493 12,44 63,866 7,456 8,109
22,967 12,963 75,807 59,60 61,949 65,330 9,487 89,361 40,78 88,290 43,89 0,892 11,589 95,974 21,785 97,534 51,575 15,559 49,47 58,407 24,918 90,124 81,242 7,540 18,792 4,569
38,232 29,126 54,989 11,244 78,185 59,332 20,329 77,889 64,477 35,745 24,442 55,587 51,675 76,99 84,416 32,960 40,657 7,138 98,704 83,685 16,546 50,621 15,102
85,670 28,669 29,490 98,861 66,275 63,856 41,672 91,132 45,455 55,86 5,966 50,734 35,84 94,346 95,818 42,629 90,856 93,76 3,88 59,448 27,386 84,627 56,701 21,104 64,432 87,969 14,567 22,284 73,259 76,228
75,479 31,735 30,440 1,938 7,264 33,392 71,584 49,931 11,594 54,402 50,120 43,670 53,69 59,503 69,291 61,822 26,808 39,938 67,389 86,184 78,73 34,685 51,891 70,284 12,417 15,85 14,36 21,836
53,517 49,614 98,185 42,862 1,887 43,451 23,962 60,612 40,497 28,734 71,187 89,283 7,776 57,358 61,860 17,47 27,681 9,125 14,483 47,148 73,578 11,919 19,645 37,107 87,200 94,816 32,972 20,762
45,831 33,654 54,409 78,570 80,893 81,904 32,463 59,166 61,776 92,372 90,746 20,981 6,527 13,715 43,386 82,393 4,456 65,19 76,832 15,274 63,950 9,839 21,726 99,143 62,417 3,535
43,194 7,720 72,534 73,324 85,431 78,669 26,801 99,265 25,535 52,259 53,316 68,720 87,286 19,792 79,802 5,152 4,436 38,492 67,880 80,463 69,862 6,521 20,878 2,389 33,837 29,791 11,911 97,591 48,416 93,18 50,98 81,999
36,880 6,936 86,207 20,642 31,59 32,238 79,839 21,777 49,964 26,21 34,36 12,629 24,469 14,435 99,376 46,833 27,850 89,170 60,2 58,817 54,327
64,225 77,294 11,613 93,520 90,739 81,732 96,698 62,484 60,450 49,936 23,147 24,367 22,375 0,206 63,430 20,308 28,741 92,307 7,23 56,785 29,104 36,654 10,444 21,283 54,287 98,966 55,116 26,652 38,451
51,568 46,55 59,354 41,346 92,853 97,569 3,183 39,610 87,74 54,996 29,558 34,426 99,649 89,534 4,239 26,175 63,630 71,658 64,963 22,319 9,138 55,556 38,672 30,753 28,820 37,295 81,947 42,695 85,144
34,544 91,961 72,414 88,434 89,448 95,464 33,771 54,970 41,117 51,7 80,508 5,307 87,39 85,32 11,479
40,476 3,902 4,161 73,670 14,277 0,670 69,363 87,978 33,526 30,190 5,753 17,335 89,34 15,833 99,507 13,879 26,915 84,50 8,20 78,725 41,612 52,504 93,260 19,123 66,17 7,393 65,123 62,661 80,97 50,482
74,308 19,355 22,964 33,714 61,607 71,605 64,125 23,383 36,320 86,403 65,948 92,340 53,124 83,266 68,615 30,577 39,828 98,673
74,839 76,252 56,69 73,845 68,166 99,362 49,977 44,775 32,798 90,179 33,523 64,718 14,126 87,569 92,703 96,452 16,894 65,553 23,682 85,878 71,959 25,342 79,354 31,786 18,233
39,51 8,487 12,275 80,304 63,312 47,922 23,84 6,106 18,738 55,274 48,916 36,329 81,27 97,914 67,93 7,13 43,371 57,796 29,543 30,644 99,158
7,582 47,244 75,784 56,65 83,752 57,529 12,427 77,362 54,257 65,967 88,216 0,245 78,39 5,704 53,118 4,386 26,558 21,409 14,654
82,815 95,23 32,891 50,957 55,200 59,609 37,17 64,961 36,957 15,628 85,681 40,23 24,770 48,664 7,463 78,345 98,237 29,543 23,677 12,15 68,687 46,499 26,795 22,272 21,332 79,970 41,554
37,554 40,95 4,676 58,362 85,706 57,19 76,599 16,701 13,888 84,426 99,935 51,473 20,649 35,775 83,875 73,89 2,569 9,886 19,158 68,54 55,537
88,133 48,817 83,350 50,135 87,489 43,448 60,45 36,273 84,738 75,940 51,246 73,427 18,751 33,124 91,915 90,352 97,528 47,121 2,257 64,824 10,4 80,603 81,781 95,416 76,125 92,975
19,633 9,994 65,793 44,27 0,96 39,990 77,651 23,802 92,405 71,782 10,548 21,945 14,678 83,263 15,101 12,719 25,899 57,482 3,649
54,45 0,276 82,426 94,613 83,767 66,248 96,838 81,693 52,897 11,565 15,853 91,242 2,25 84,618 4,521 18,953 33,851 77,358 48,236 85,980 20,513 74,985
41,657 6,454 66,267 80,838 47,329 49,449 29,282 14,686 19,583 91,961 76,558 15,953 17,921 85,77 89,340 38,234 71,392 5,855 62,225 34,702 97,831 50,94 12,886 55,676 73,656 88,113 51,505 72,301 43,285 70,834 60,551 93,519 36,422 39,237
30,19 92,247 58,584 31,792 63,163 19,688 36,53 99,91 94,729 0,26 42,580 61,13 70,409 12,1000 90,39 64,473 49,89 54,321 37,669 76,862 44,465 52,937 2,53 79,421
65,159 55,589 28,159 37,622 29,828 50,283 11,5 60,82 56,308 63,992 35,651 53,129 75,371 2,433 69,243 48,269 0,644 68,108 41,710 26,530 79,240 25,823 46,706 86,893 22,80 95,875 91,697 8,127 88,359 78,716
97,768 58,806 67,838 99,423 20,42 53,659 29,924 4,754 71,383 61,834 72,648 36,347 55,374 17,982 56,478 80,373 49,723 76,323 52,913 96,810 22,724 75,649 3,301 11,482 91,889 51,310 74,908 2,927 13,798 83,305 34,866 15,923
51,330 74,425 29,750 76,1 78,688 70,196 11,500 25,549 66,447 3,920 18,243 1,975 73,85 10,998 59,217 0,366 32,336 57,806 95,448 91,779 86,240
90,904 96,602 24,104 39,463 81,398 37,355 56,517 82,347 71,991 51,271 31,57 64,916 78,403 95,932 38,287 80,929 50,779 19,419 87,660 69,602 21,554 44,645 98,802 6,868 10,491 1,721 28,634 8,55 3,352 53,872
82,885 87,487 55,967 91,480 56,502 42,550 13,656 9,888 74,427 31,958 6,382 32,617 85,959 58,809 18,136 25,107 66,79 53,723 28,526 73,922 80,484 38,533 64,663 5,200 97,753 95,254 75,438 98,916
47,203 94,187 76,736 31,265 57,991 80,847 17,138 92,239 65,884 91,707 86,262 71,430 75,947 44,129 37,281 1,571 95,831 19,819 46,891 64,980 9,413 24,53 49,333 48,718 2,817 26,896 58,387 60,948
75,925 79,753 98,26 63,366 87,200 14,563 34,88 83,541 26,142 53,763 32,303 81,58 2,11 73,295 19,516 31,646 7,502 10,340 85,783 3,680 72,753 38,141 55,89 16,712 57,724
35,952 54,797 10,929 42,802 44,694 55,591 33,985 62,613 95,494 51,254 16,656 70,945 31,925 30,570 85,303 28,566 52,361 45,387 90,384 66,571
39,343 13,845 1,856 18,417 36,787 85,109 96,108 99,332 44,983 51,579 24,73 4,701 78,452 69,631 97,315 30,83 45,666 15,238 53,501 33,669 62,639 90,439 47,372 42,322 89,163 32,346
79,549 59,750 50,385 52,739 61,234 96,435 62,480 7,894 98,171 55,810 12,695 24,90 26,743 33,214 73,206 27,157 97,932 42,601 71,701 91,602 43,142 19,917 94,233 51,673 13,347 75,542 20,553
96,149 84,281 64,880 99,525 92,491 31,200 73,156 47,162 27,82 67,168 90,220 60,591 62,312 98,828 56,198 42,477 61,618 39,213
87,902 18,252 6,206 50,10 73,427 14,20 77,172 1,213 44,971 75,709 4,473 40,327 8,717 54,364 20,778 84,895
60,107 31,48 56,317 24,820 7,52 47,119 19,473 62,697 61,772 85,3 25,275 74,263 39,743 17,845 38,73 5,128 84,65 72,380 1,506 65,532 29,377
32,46 85,834 87,683 19,719 16,557 58,323 48,697 94,839 64,780 60,991 54,690 2,574 30,146 14,467 7,338 52,741 93,103 46,620 67,870 25,517 98,581 27,371 72,148 78,313 62,131 34,632 57,524 20,543
95,947 19,759 32,17 67,310 23,244 98,353 59,726 52,975 25,952 96,269 37,58 56,300 38,643 7,791 0,683 26,917 50,915 85,528 11,36 82,946 8,252 27,595 93,162 99,428 71,399 1,140 20,985
61,28 26,802 10,282 79,788 28,744 29,79 72,458 54,2 33,734 0,193 44,121 17,784 76,104 75,656 84,420 67,407 65,72 30,462 90,258 14,420 27,942
61,572 53,516 35,555 24,640 66,198 50,24 46,157 29,138 43,922 72,948 39,539 6,648 13,651 31,14 69,890 99,809 10,631 54,637 22,966 73,463
41,626 29,333 86,586 10,969 1,88 97,976 7,602 22,483 83,113 54,973 70,845 19,63 60,794 2,76 24,60 66,98 87,438 98,838 56,350 55,881 53,430 26,766 18,102 63,550 6,257 74,726 59,170
35,672 29,75 82,823 36,781 68,850 31,411 70,251 37,930 26,706 41,971 72,906 30,364 8,653 25,106 71,876 47,101 57,730 66,255 22,998 95,236 27,989 43,865 73,99 81,274
88,755 57,843 39,63 89,390 97,392 65,438 21,392 61,14 1,79 50,820 49,110 63,4 69,402 36,406 33,319 22,180 4,275 2,997 71,601
91,826 74,92 7,20 6,837 57,723 3,341 80,786 60,641 88,419 33,728 61,565 63,230 87,463 66,65 21,283 84,334 67,884 8,683 94,883 98,71 69,742 9,715 14,877 26,709 51,281 22,451 35,68 85,265 37,346
81,311 44,666 67,516 68,461 29,124 35,45 71,295 7,663 31,884 24,440 16,74 40,423 50,446 65,490 37,693 80,908 9,387 11,227 54,526 60,847 84,486 62,457 66,647
76,5 10,123 39,151 67,39 17,300 75,331 52,151 98,811 14,251 89,54 73,623 9,902 66,858 55,441 43,160 91,279 20,383 21,61 58,520 59,114 65,687 94,320
13,208 16,722 28,149 93,104 61,908 77,339 7,449 21,914 79,837 32,882 72,812 41,657 96,858 66,530 47,479 34,424 27,823
63,275 44,469 91,231 74,1 2,50 94,261 0,248 13,893 16,19 37,40 12,85 7,99 5,121 17,766 69,36 15,44 54,617 86,853 93,650 83,780
47,436 70,355 10,396 63,810 11,778 95,823 43,515 12,291 0,562 60,457 29,921 41,160 88,339 55,700 42,496 73,45 44,601 58,117 24,721 1,490 9,250
28,351 82,587 19,3 47,174 29,464 79,503 88,715 17,694 98,369 25,517 13,889 39,246 80,953 24,634 35,217 69,437 8,129 57,499 30,596 7,155 2,918 16,54 53,729 76,575 72,855 85,427
14,610 74,889 15,748 99,479 31,307 91,850 11,714 40,78 30,442 50,983 97,570 46,285 66,341 38,915 94,363 13,393 59,502 37,715 73,391 17,676 25,245 34,715 88,201 67,217 98,5 55,436 72,443
72,440 21,275 23,104 60,454 6,919 26,444 34,373 93,448 14,741 75,337 77,164 89,106 56,493 4,66 2,894 83,744 1,181 36,280 8,346 69,425 40,642
5,359 75,382 55,418 53,478 25,714 36,128 19,241 35,596 33,615 98,208 68,189 94,309 79,46 62,207 41,284 15,831 73,209 34,373 21,351 4,84 30,186 93,987 86,192 45,864 99,450 95,719 47,144 32,808 40,816
48,420 2,700 80,305 97,622 22,113 19,413 83,974 9,89 69,572 51,603 72,107 44,283 17,59 45,697 55,699 15,736 34,588 94,389 59,355 50,579 0,144 30,759 5,974 42,222 73,600 99,137 49,53 8,110 84,463 27,733 14,802
26,909 51,977 73,703 14,119 56,449 88,615 37,905 49,160 29,540 53,310 63,487 11,661 86,747 96,382 19,917 21,320 74,349 54,336 46,868 22,516 40,289 24,152 33,779 65,759 95,724 7,569 4,642 2,492 42,84
77,408 65,748 28,77 92,365 48,765 86,846 7,928 30,249 51,64 80,52 9,372 72,205 29,329 84,42 87,816 89,505 22,643 53,989 23,119 0,524 49,163 98,697 74,891 17,224 85,37 25,283 46,309
61,674 3,146 8,785 59,561 30,118 95,120 18,651 89,11 90,400 5,607 36,730 82,260 12,698 4,448 94,694 44,413 49,215 33,664 69,745 25,291 62,711 50,444 47,342 16,691 85,446 79,132 2,428 97,619 84,971
47,370 64,667 17,771 78,317 90,933 27,323 60,718 49,474 59,682 96,160 34,745 15,850 22,280 74,741 3,361 81,937 52,648 26,227 89,231 29,8 35,161
30,342 33,62 32,554 65,587 61,196 14,852 16,154 49,848 29,194 8,105 50,587 67,376 38,537 58,812 45,632 99,97 44,418 5,167 79,884 70,743 39,226 23,927 1,250 64,435 66,134 20,677
73,791 24,479 66,137 85,793 33,659 46,383 78,441 80,684 11,874 31,910 21,846 75,435 91,795 5,190 53,39 27,463 86,398 37,848 25,610 38,175 81,189 92,788 69,27 0,26 70,248 29,497 57,640
82,823 62,582 16,328 96,111 58,350 78,896 93,675 33,278 43,450 66,333 61,267 2,41 38,56 34,340 92,958 13,112 25,578 69,436 21,431 57,583 15,104
11,962 67,580 22,631 10,715 70,729 98,736 99,422 25,567 45,984 24,483 12,36 64,613 28,783 91,472 80,639 58,745 76,893 55,911 95,592 34,553 8,856 37,251 9,854 73,554 83,255 44,538
80,587 52,76 49,657 12,10 31,977 77,174 27,777 35,55 41,426 90,99 48,531 83,928 73,984 13,58 46,554 88,416 25,802 96,477 43,199 56,519 33,701
97,858 29,122 93,239 37,613 4,161 6,254 53,284 28,812 23,72 62,557 2,74 76,816 84,128 24,646 33,815
64,66 93,194 60,64 73,554 35,138 54,818 80,236 69,982 3,909 62,22 15,160 24,72 49,553 28,848 87,747 59,697 66,992 8,324 1,542 67,110 32,968 14,256 30,652 81,595 97,39