11
100
82,8425254 96,7062506 60,8678152 47,4698856 4,9183849 23,2436168 3,7554440 63,9966736 31,2630068 22,7593595 57,3893133 39,1209421 81,1207942 78,1739199 69,7561938 79,1324200 85,8122935 91,6859537
27,7272070 56,6159638 33,1824696 5,9984057 32,9693665 12,8284889 30,3714171 95,9816775 65,7536769 90,2471709 53,100545 86,2564980 6,4143145 36,5255997 69,5720574 39,7232344 99,8992799 44,4129951 57,3355125 25,360480
61,6387649 87,6379636 62,3110035 77,4794294 92,2880111 81,2333888 4,6121202 76,7052886 93,8059709 58,4846517 47,1830131 95,7837234 35,2780748 79,1431342 80,8746735 41,4162721 84,8665966 11,7155702
28,8723894 86,3513751 74,2127414 40,9847151 1,8310639 93,6011500 92,2196367 15,231994 63,9053177 38,9390038 11,82984 49,7372787 73,8393841 79,8575355 72,3291288 36,9979907 12,9026773 64,7153696 46,3213290 32,1857730 45,1849116 16,6592393 54,6402503 91,4996918
6,5228389 3,1529792 14,6298642 12,2876514 1,9864784 9,2017315 61,8861477 44,4672262 96,1658772 83,8661143 58,4627079 41,6052679 11,3776131 59,1515502 8,854266 97,9119440 39,1423554 25,2056232 55,7995332 30,8821433 52,8573336 81,8075097 15,2728866 22,4897161
92,4709169 56,3734314 82,2443443 91,9154451 63,5822293 48,9921639 62,5721164 11,6930280 50,7498730 78,1180620 6,4908754 53,603260 72,6557233 37,9786626 67,3829827 55,4547834 86,6835177 59,5527147 3,5750996
70,4947006 84,4858333 22,6652529 90,9481001 20,136452 29,7073426 94,4712915 54,1341477 7,5289403 56,8000989 79,6321111 48,8381714 3,4715124 74,9184677 89,4128843 26,1745999 16,1992199 38,7202747 15,8659012 44,8581948 99,4816139 80,9317371
82,4143531 56,2824114 26,7014840 11,1363809 24,6411077 51,914360 6,2898344 28,4983944 31,631204 54,418125 87,6794533 97,1736688 16,5313339 9,2340672 32,5373093 66,1354680
40,8009975 22,7739039 36,9500330 26,1098578 52,6599875 34,8974499 21,851818 69,3635758 49,1422081 51,9223502 88,4710624 3,6912699 24,8523602 70,803952 45,9988310 71,8703877 63,5681305 66,7252855 42,7354033 83,3980611 28,2558534 27,2992619 46,7296624 31,8785865
84,4923975 89,4980103 66,7336465 74,5759133 27,1625291 45,8119592 36,3310026 80,7323303 47,6874851 53,3864113 49,482672 10,2560154 94,6778930 13,2209442 67,9765029 39,2038334 82,1030536 40,5147618 61,2960977 62,8252894 50,6822726 32,247548 72,8045600 75,4735480 87,5904756
79,7917235 0,7190479 7,6886917 32,3761963 75,204459 15,1685558 77,9519434 58,5548259 8,1663935 85,6906717 46,8576227 39,1471649 78,7067087 3,2614838 41,584503 31,8124108 98,723366 70,412848 83,9924446 26,8169081 61,5788115 40,7843621 2,5317653 69,1622532 82,441915
56,5765873 91,2574799 66,4501711 89,8378113 94,3227815 43,8227090 52,8349081 39,5350988 57,9639033 22,4285880 19,4332809 71,1876515 88,1364770 18,587821 64,6909015 60,9596502 16,4390169 51,687628 4,3465695 70,7246727 49,3417593
7,2423417 35,4416918 25,3934342 62,7342080 29,3416036 40,532520 3,222157 51,393469 79,5123211 88,334699 2,9584698 49,8313520 98,1049147 47,5182635 10,9416871 31,8334513 89,6061207 18,2687190 68,5694666 82,2659665 54,1770902 50,4108969 37,5369924 52,7146879 92,4032870 17,6431338
92,4154714 2,220134 22,8324484 95,6762647 53,8898622 88,6823999 56,9922409 70,5516854 58,7907434 4,6534716 42,203982 8,6279542 29,990536 87,125510 66,9268416 68,9344634 63,3040186 61,9321645 99,5001120
64,7217971 34,4358869 0,673335 54,3849959 63,4363553 74,4862195 38,4777871 89,6136893 36,9347585 7,8392256 23,7065709 21,1166202 82,7610098 26,7997777 99,4177583 81,6887496 51,3878745 66,6538096 40,4140331 95,7038733 28,146794 25,5008228 12,7383508 96,9095373 11,8304139 44,3941979 15,8635186
91,4910926 44,719901 74,834546 69,683421 68,7664212 42,8376338 34,3482099 85,2931869 76,2096298 14,8353324 88,8942277 28,4401273 31,7788391 23,1665641 57,9690512 54,4833332
28,3493229 84,1909805 85,8147479 41,7423498 88,6345814 44,7265754 93,641520 83,7395008 42,1204020 67,2841974 9,8594765 46,1108875 12,4459139 65,6160144 17,9977034 77,699906 70,9859903 81,6534298 30,8010899 48,3552767 75,4986209 39,3325980 11,2042937
82,3081541 56,8346290 68,4388363 19,222054 70,8294905 91,6579712 84,198864 0,6616947 4,2403972 90,5721722 63,9118424 7,8843994 55,2188076 77,3328242 57,6847179 61,563795 25,3780726 54,2739149 15,4701043
63,8268273 48,4926984 53,1011355 65,684297 47,4307142 42,9394921 38,3729752 3,5763037 0,9795222 71,299763 58,3195885 73,5965331 87,9771461 52,9520104 80,6173422 83,862431 16,6137466 12,6040899 34,2712547 96,9718789 30,8323741
20,1253545 40,7374737 1,2848092 69,8088722 12,6350595 66,1315344 11,1470472 70,3348581 37,9240008 74,948828 51,9560803 96,6925977 25,6083474 47,3205394 59,2475713 16,7071465 78,1288905 94,4579875
16,9103374 94,4884571 30,4148177 78,9673003 98,5496395 39,4073451 80,5016091 14,4299817 9,469245 55,5613144 40,4910487 26,5852816 82,9474325 35,2947790 71,4282590 99,2214268 63,4370902 73,9973621 37,6793810 23,4614318 8,1119310 90,720300
47,5280162 41,1244438 51,870238 45,7198587 74,7324414 20,9620238 15,7810971 39,5259891 59,4873834 73,7226742 93,1245390 68,6256678 60,3952257 57,8471922 46,538136 63,9945618 65,9050120 27,8369916 32,772418 31,9228914 61,4656181
36,7691648 45,602190 29,7960665 49,2582310 78,9089060 1,918481 83,6666576 15,6275270 31,934420 62,4117637 54,6446870 17,7160464 75,9365386 2,7823299 43,5014781 13,893547 97,9152262 74,107459 37,345431 56,5127784 12,452341 65,6618533 38,9314813
65,7704733 95,6684370 68,5206243 1,4978775 96,2989348 10,2735440 74,8201171 51,5307780 88,1234069 67,8036561 54,2052798 47,7233711 53,9987197 83,5358548 12,1661311 98,3506202 57,8102691 84,5822004 11,9830980 99,3734382 56,7037212 3,2806259 58,583921 13,9494258 42,6116718 28,2739562 78,1208693 33,3792900 62,2129833
48,6716295 71,3554441 16,6929808 78,2995717 86,8137056 12,3719879 27,8575804 40,8554939 9,7160054 50,7152848 58,5150359 51,413440 56,4954922 13,6856132 75,4602229 21,9979012 90,4155356 54,9640505 88,1054710 60,451490 79,5723548 44,3736810
2,8882707 52,6527545 99,1547428 55,3669257 66,8619074 88,5055020 24,9824459 19,2855944 89,6757036 61,1949223 48,3926986 9,1598267 51,8140012 13,7219456 44,632297 16,4686817 10,7437054 83,7995169 90,1066617 93,2630228 75,4127297 12,5818311 37,1463468 56,9838640 7,974642 33,6094360
29,4179232 38,9306947 49,9629670 33,5284241 64,1254329 68,1731915 69,5525961 50,1494062 76,9028044 42,141285 93,5922165 36,5055985 78,9916384 5,9075244 82,4307652 22,3451569 12,2008123 44,5590315 16,6468583 84,7175644 34,3347580 27,8076645 47,5045818 9,895198 77,5044100 96,5141963 45,5857111 98,8615585 31,7798025 65,6904241 43,3970859 60,8685877 57,5914184
35,3508681 87,9437023 75,6684947 92,9676797 88,678374 46,8290594 82,9131210 30,9926760 32,2504690 22,4896716 57,3317692 17,1698984 37,7312217 1,4625390 51,8482679 36,8509271 26,7747339 84,7570723 9,6178311 28,7725880 29,5003804 58,89808 10,5930033 63,9729435 72,4247247 71,619139 94,269101 43,6521172 18,4898579 31,6001304 44,9762933 70,7377475 50,6180729 74,6403079
69,3065245 31,3133790 90,8491736 85,2198075 44,636063 78,5676856 11,5010999 46,8137589 82,6930404 45,6093678 88,976484 71,5630837 67,8269280 38,4564853 76,3673919 4,2743966 22,4409053 57,6941791 96,5511239 91,8056450 25,417578 36,4825494 95,8386650 19,6930380 24,608307 92,1347502 51,7189349 64,3688355 55,3881635 8,5914528 84,9514374 26,6389748 43,9758149 48,3670039
10,437791 89,8319705 85,3269498 90,5990769 68,1383796 84,2531175 53,5473665 96,9826793 5,9036050 31,29908 48,2540643 91,6380812 56,6328167 83,4262525 40,2071978 2,3289097 45,7920595 59,728949 9,5423318 51,1116697 95,9982789 92,5085162 15,2265626 0,1388019 75,5591337 94,1921818 78,2595751 69,7865497 71,254461 67,4343386
39,5952986 45,6005566 55,373890 19,8508796 17,3257110 64,2217716 84,1911175 20,5486545 95,6865071 41,8554673 46,1050989 82,5439810 72,7511084 62,4796846 52,3517100 48,9763103 49,2279639 67,305035 79,8127862 53,2777879 97,1824429 94,8916916 54,4042756 93,9615110 6,1843137 83,8543668 36,3711291 81,7208237 68,7411153 65,4613297 26,8834150 51,3149637
27,9675725 57,2040376 44,2874219 83,4157655 34,8582500 69,3508648 87,9585502 48,1958845 3,4497590 92,655093 78,1676489 71,8236715 50,7793971 30,9079539 15,8783881 20,3460945 59,489611 38,2434858 36,794553 77,3078232 0,6180352 73,5595890 1,6622859 79,2430630 43,4947129 45,9557776 33,656982 64,6590959 18,6073845 9,2161556
44,8538388 79,266871 64,3442649 11,4481124 56,4405370 81,1047178 29,435483 35,4569634 25,3948975 98,4325236 42,1803662 55,3600952 71,6831181 24,4308570 41,1940077 12,1967032 22,3758826 0,7770689 15,186135 68,741364 90,2201607 13,5118842 93,2954368 43,7884781 97,3925491
31,3509061 53,8355118 60,5807215 82,8424058 98,4875124 42,4083406 67,489649 46,5298481 32,8123130 73,2627519 37,7631889 20,6601334 72,4512477 75,561733 8,3677330 1,5550153 96,5683175 94,8247570 5,8313652 24,1984508 79,3227769 25,6921866
78,8636766 41,4806916 96,1986152 33,2973938 98,5659199 67,3336640 23,6533430 60,3989650 24,4964088 12,3841383 48,4406108 85,3448750 42,4599724 19,9379269 32,6850693 22,4201875 10,958804 45,1527891 37,375665 77,166197 7,8244016 20,925422
59,6507671 58,6154242 49,9791545 96,5689024 66,1047411 93,9231493 38,2003139 56,1186779 73,1216804 0,5375116 13,3474714 22,9038089 91,2395288 99,3888200 2,8171411 46,2216657 50,4625198 5,2084035 98,8754888 3,7687763 71,9239888 30,6260715 94,9796024 31,9104612 20,5370034 92,5781464 67,8562330 74,3255322 42,2407354
24,3615571 52,5673235 40,1561322 27,5849341 34,3465749 6,6935181 67,3391211 79,2904101 94,5153858 50,2622382 9,3606513 35,1024408 46,5066455 7,6052576 48,9731901 4,9798452 62,4845756 21,7660570 77,9638458 98,5543513 61,5667588 99,5166570 22,1693250 60,8921504 75,2560041 86,9339527 0,692416 18,7500397 16,7515484 53,1759114 59,6486491
0,5574435 30,967018 61,9137715 42,8897596 99,7518331 1,8259489 18,2625275 83,8802249 6,4617872 74,1404210 71,911446 65,1539395 49,4780969 58,2506689 97,6664399 22,3806134 16,831375 80,8817310 32,1773156 20,3289536 93,437896 56,7181458 72,4753569 33,1698318 13,8740643 5,8441400 47,9435291 51,9974133 69,4327048 85,8462923 15,3343122 96,779257 39,4945886 73,5166133
53,3901527 12,2959279 15,5131861 20,4997659 98,4033952 24,1813702 67,9154317 31,827789 93,2013244 79,1271676 34,363622 0,7124389 1,6571729 35,7953885 75,7975513 60,8200622 22,1704540 82,3261776 96,329029 37,8631063 4,8174256 56,1768844 49,7763030 80,6066876 11,6823749 16,4250672 2,2188689 76,5926906
49,6470092 55,3149693 66,5306207 37,1453893 6,18001 98,8636283 93,1565899 29,6681164 95,9238714 16,581473 21,4456708 30,5075009 52,1074079 45,4055135 26,8148546 90,6031127 38,5772306 31,5358310 96,3180901
59,1386146 72,8346936 82,2493253 61,6219972 66,1919373 2,1428325 49,4929410 20,6552669 74,6426332 95,8255078 76,8011513 24,8111793 17,8395553 92,2337321 42,9545502 81,1785683 93,7892582
61,7935870 83,8626502 80,8875255 79,6168624 72,5077473 62,6015767 88,3166379 53,7063659 32,2517594 0,2786448 25,6704511 5,5771794 89,4666317 6,2217429 71,7112303 10,834113 38,254432 11,8047830 78,1219416 99,2409960 51,5051043 73,8515903 85,8403975 26,1187042 86,298139 23,6913123 2,9725449 33,6455402 17,1515336
64,1516364 79,1554311 37,7273778 12,2062213 67,8041722 87,2133810 85,9218958 29,7453012 1,9184329 95,7300941 10,5390516 23,1886717 13,5978143 20,8693840 96,6793775 16,3554871 45,7716262 69,5763511 56,4644329 31,6120886 59,2535021
62,894623 77,9652075 90,690314 48,4607315 83,3591738 74,2419378 51,8372834 93,630589 39,6544649 56,6944377 52,4768070 19,2169541 85,5949608 26,5170443 32,2850596 60,8707557 65,6452706 46,926990 91,2695229 2,1084063 84,4374210 16,8512512 13,1059382 33,8869344 58,2763362 0,7148477 75,1439648 97,6709854 67,3869539 21,8488107
49,1817559 48,2641650 70,1927363 26,6199135 45,8917939 39,9529529 25,4898814 79,830857 73,9800389 5,4343708 16,131183 23,3897038 40,3616971 14,3694842 29,6591570 6,6973811 95,4451520 47,5118357 86,4442481 84,7250310 10,5165378 20,1297467 72,977440 87,5819069 61,3667636
96,3243950 97,5758463 42,6919606 8,6708474 73,2847810 69,1273337 61,6261828 31,7725846 51,2293903 40,2282838 13,3587599 33,8407463 48,9406310 32,4292762 98,4503331 93,8294859 10,1258136 7,2863178 84,4986871 57,5102015 54,1465669 20,3016745 37,1661387 1,9041256 56,1720912 26,9294641 65,2789323
1,8930988 56,2021276 76,7863686 52,1814355 92,6887941 27,411835 72,8902717 87,7617249 75,2340982 42,8627452 85,8453231 60,1954765 78,5318345 35,9694975 74,8423704 66,1009492 55,5292138 83,153372 0,7970328 53,586156 64,6975957
85,2116746 34,3451729 37,802413 19,5504536 99,8341546 84,6382582 9,3104786 80,3311807 53,6194796 69,8007312 64,2543937 32,29433 41,5641503 88,3505224 55,742194 65,676506 36,5527424 11,6015901 25,3361632 50,8347467 42,2627074 74,7553515 38,4796088 97,4650620 67,3549470 21,4307568 68,4725506
32,7704974 35,9631788 6,6777056 83,9511642 96,9308645 11,8162083 81,4145019 29,6340052 63,3043539 93,3036986 94,5877663 82,2940942 86,5096748 53,5261256 46,5315579 95,8877475 9,543650 60,1221262 8,1050510
92,8660667 63,4392034 81,445746 9,2245396 60,1154284 48,4425851 27,7163790 3,2724876 89,1959569 72,7877762 66,1348885 7,2144832 52,4667384 20,8841352 35,1516757 45,1206870 4,7138800 14,3076899 54,1517863 91,1672892 62,416012 22,243825 26,9085555 8,343598 11,7267913
71,8734915 57,9535461 61,6741269 74,4583342 35,4243670 93,109463 6,2242200 72,3405504 77,5538139 18,7129964 52,5325145 58,4517290 49,6629566 15,9574637 3,5767107 89,6385572 44,4488864 9,6904343 38,3969593 85,5911241 83,8756182 2,4865047 37,5085251 28,9507386 56,4319091 91,8455172 21,2734036 45,2504418 96,494766
65,3916202 35,5158104 83,5340824 43,9805768 71,5612647 17,6062347 1,1026258 29,2873708 76,6834048 45,4549041 90,1888715 97,6780068 21,9965989 18,6434462 6,7683323 16,9798370 85,5665460 20,4139742 38,3221858 27,7455347 57,4945535 95,4260646 52,6227580 58,3080527 46,5130687 25,6437147 4,9706877 47,967060 77,6650124 12,9218354
15,2963046 54,9392313 8,1291295 60,8806807 26,3739945 19,4485743 64,6676290 65,5701476 88,763759 31,2619389 11,1383931 33,8003195 17,754784 71,3983379 27,9209132 1,5195986 20,5884293 50,7773362 32,7697924
21,2646929 65,2810707 57,5345998 22,9479905 42,4549315 89,5401200 3,8896602 67,5401728 39,9338640 59,8766445 2,5311372 52,9830347 66,1437666 97,4923030 63,7238098 77,5678918 90,4376887 94,4731759 16,6562186 32,4664027 29,9009110 41,269909 50,6048685 70,1252458
55,9453367 88,4744286 8,354441 3,4117291 85,2439617 28,5872695 22,8896169 52,4461287 57,1394468 26,2233792 40,9107869 75,2369304 69,8020215 77,2677090 11,6635216 44,9909012 10,6919258 65,5188944 94,6104982 91,6169779 98,2310506 25,2117710 56,6167597 79,3962664 0,5070432 9,3174299
62,4320646 19,2855532 87,1180654 69,5689304 49,1961039 72,9628107 35,3174330 89,4707996 88,3963900 96,9688802 27,8083086 54,8525896 30,8716611 26,2646579 67,8802400 77,5961002 44,3033774 81,5880041 64,7015156 14,3425389 42,282067 78,5449229 5,4585695 92,4525059 18,9504845 40,6007727 94,3687101 82,6110494 70,5027403 16,5213866 68,4850882 80,2921364 34,2240789
44,4288969 22,8766928 99,4775589 15,1450684 37,9512845 95,2226900 28,3917375 71,5019969 61,7424900 27,3176734 83,3622300 1,3709043 54,4626419 20,2203119 60,3971405 88,2907943 35,6067274 79,6212606 97,5311514 7,8843423 85,125775 0,1941329 55,944355
59,1634386 82,5186247 41,6991904 28,7608401 97,9272359 16,1542843 93,1025051 53,9576675 55,6343895 24,7883568 29,2000547 92,7230784 98,3758745 0,1666745 87,7353711 80,1825390 89,2538870 42,8872472 84,1191622 51,4693223 71,9966066 37,8237433 54,2292443 11,4233868 65,4223865 78,6481539 6,9656670 76,6112378 38,8452887 4,9425896 32,629247
46,5200664 97,1163594 16,5227810 42,1198618 26,265778 5,3751891 25,2092598 20,5572495 8,1143390 67,4690744 0,1299436 13,7125718 51,1146678 41,8429349 47,8478822 11,7529241 72,9600316 4,6989186 23,965737 35,1850102 12,3182771 64,2561766 7,2242766 88,541565
33,3234279 5,1934426 57,5946469 30,8826037 56,6688597 68,1932890 54,4495017 38,7257558 15,238055 66,1429642 17,3579559 28,8247001 39,4789453 7,685643 4,7927785 12,3861536 64,522694 76,9521510 96,5821296 78,7833557 47,7769390 89,8804247 65,5395847 11,230283 91,2579674
53,5809994 38,9905066 17,7401437 69,9626912 26,2739579 45,1080594 67,9733923 36,1879451 35,5287354 50,3276758 62,6915160 19,4110533 9,6142742 29,1622731 27,5324927 18,8789914
70,9229829 13,5564710 27,9575834 54,8950355 42,2230897 32,8169951 58,3449782 83,4515211 63,98918 81,1115220 66,1716173 19,106849 50,8511691 76,3946250 1,146775 89,2987674 59,3151712 34,6243057 49,5083744 26,9244314 17,4221898 14,6685472 20,6726438 72,8266854 79,9641869 77,3035341
78,2863971 37,6023673 71,6050164 76,1538812 11,1172821 79,4349148 30,3530156 87,5869381 63,1259133 4,1739426 15,9193342 41,8313302 16,4316805 10,7759831 7,2673214 38,481767 34,1373886 32,8461400 86,9342186 60,2971062 21,5335513
31,6953258 71,1161351 75,5234957 59,1246477 56,4549865 4,9210674 61,9623833 14,8677601 2,5421464 83,854980 28,4676336 22,3996522 6,4807344 92,2690754 94,5848307 54,5983758 45,1509887
62,3738249 78,1244337 33,9777103 68,6795559 72,1564924 94,6743403 42,5557545 81,7030664 67,2120578 83,7413602 91,9158572 52,2768220 79,9269983 54,6814840 76,3379836 47,8997257 26,7334821 57,9260295 50,3526327 2,5137391 10,5557902 41,6457120 70,8279680 14,2790928
26,1546041 33,3140578 6,7745485 81,1550957 55,7961240 53,3944646 19,7097633 10,4282325 78,8963708 1,5347427 44,7715935 47,4076253 89,2899636 73,1832476 13,930953 50,5484620 28,9628227 54,9057452 75,4963551 68,9449285 80,5972860 64,3130732 85,6816318 32,8992027 93,1073535 92,1895897
12,2477114 73,7629135 51,3435637 77,5294681 71,7628604 49,130271 0,505337 42,3781437 57,6976043 80,8392091 58,5552454 33,3377334 37,8532487 29,9148399 6,190963 22,526588 15,5723578 98,2882306 63,158782
97,2052179 43,6013791 64,3656199 98,7104868 59,7048599 96,1036546 1,6242925 11,7626816 19,9393771 77,2362223 51,1049081 9,9066867 89,1536710 73,9894723 15,7554262 30,1317782 8,9831548 92,2078895 60,2952594 58,7926902 14,6013409 18,6730522 41,332988 0,4412936
7,7633005 65,1804825 1,3393065 98,8826227 34,2850170 28,1967181 0,8270427 77,8375667 38,2563311 3,6194850 44,9168583 93,8829464 64,132208 35,7477223 74,1664825 40,9117255 16,3773368 10,1366049 15,9648171 83,6915335 23,1591221
55,9142737 63,8873449 60,9891545 70,3853669 24,5613430 84,6378445 31,3685833 37,9031325 5,5132987 89,559619 80,6420200 52,3593607 13,7277986 43,3031456 98,3761909 17,177760 45,7301804 28,7845904 79,9587950 25,4954463 53,8326470 54,859653 10,4313550 81,4033846 18,2662515 41,3686755 92,5427440 32,6595335 73,6087935 26,1462958 8,5679214 93,5253915 12,8978855 22,7789815 47,4188223 2,4479648 6,4282660 77,2248431 71,4541859
68,116832 41,996366 14,3831845 79,8947618 97,6675096 69,5958750 32,4844683 86,133246 35,2891698 65,9969882 9,9057284 17,5485496 77,6347144 2,6673921 33,5377338 38,2788479 98,765994 29,5732222 23,5160011 46,3540619 82,3947431 7,4922630 49,6552999 83,9768270
5,441054 50,4408488 83,6984649 77,325936 55,2126847 56,8214580 91,5631473 19,7581849 32,1700218 11,2557189 48,3479052 31,7325936 54,3171382 65,3027944 85,3632544 76,5637767 73,8391354 87,7786316 41,589148 60,5364081 88,4841437 2,8932022 7,2355254 6,2924012
79,8477639 23,6318083 33,4925765 90,2070061 78,4736680 36,2802767 30,306067 71,5020251 89,1647117 32,3681725 28,4509164 15,1832281 42,6052489 54,1820575 73,1247329 40,2612935 82,1924931 96,722687 4,5198587 99,238252 98,3841652
7,5900387 18,8945787 5,5098162 46,2047384 38,1414759 32,6934435 48,5879629 74,9628366 4,7864383 40,5271629 22,7116961 95,6973856 37,8646409 0,5591192 61,8795059 87,4476366 92,2467326 90,9930129 21,1713893
90,8655439 3,7153936 54,827840 41,5401054 26,7077302 13,2529917 56,3154374 48,2718281 11,8674019 42,7885913 31,938384 68,2455558 77,575351 59,4896856 47,7868604 67,4509665 72,7986329 84,5972446 10,533005 97,7534403 18,1510753 62,4841314
93,3488445 73,8023506 6,1630962 30,7319091 62,3207464 46,2518837 51,4526788 63,3704815 33,2588292 89,8739270 40,3476620 81,6119774 14,6181107 15,705110 37,5963453 60,1557653 20,7330927 8,6240126 68,322917 91,581631 26,6317751 41,6527429 29,1768187 13,8767878
10,9924222 35,143983 45,3680699 88,4791231 94,5546297 89,492010 30,1487202 70,6883567 73,1182779 78,4983223 17,3682444 80,1035268 27,2785691 9,3550862 36,3830005 99,9619385 33,4817062 91,2557725 58,3994027 8,6664608 48,6240414 55,9256554 54,7853752 87,7860942 23,9892142 49,1271395 66,8012809 19,7378276 28,2976991 50,2287184 38,9921778 68,9260447 39,1924125 62,8782274 60,2899225 46,3692756
66,7033362 24,4225179 84,6089384 1,3563252 48,6830827 83,7905915 54,3733752 25,2259341 41,9423640 38,9280911 87,8744910 22,722650 33,9337211 80,1960102 18,8363958 14,1429294 88,4271026 90,9826176 2,7056468 45,9865798 31,7217517 60,7126905 28,6911217 26,1433072 63,880685 27,4624509 10,8839374 13,7387658
93,8512880 40,5219866 44,9807789 59,4187267 16,6124153 7,5946847 19,4849010 11,5318294 97,4591597 69,4038858 81,6378178 3,7258237 13,5193659 91,7983456 56,8808597 53,1802442 71,8054776 50,7637987 37,942550 49,8194100 21,9165959 18,3278840 36,1130097 51,2952379 25,6681174 8,6416286 60,5688571
9,1862046 70,154132 7,8385532 94,4601951 44,4975625 65,8022833 14,2044239 29,866895 66,7222111 8,597887 99,6177386 27,113620 18,4412395 33,7368647 2,4893935 59,1146454 77,3197554 83,8160430 67,185163 17,3032370 30,7674668 21,7059570 51,4150023 41,9395477 52,4059751 37,6905737 32,3116514 24,8765069 5,9107432
59,3292976 66,8051945 61,5380826 55,6740036 21,4122065 0,2096501 10,6522966 58,418239 87,5096089 50,3925560 27,9541591 89,7807507 39,1131199 29,6388305 69,1078286 11,2393418 34,4820085 76,6812515 17,962654 75,9356000 73,6356303 6,4362297 15,6154096 95,4430188 42,8761683 85,1602590
89,4012605 12,6015772 71,4144700 92,8769790 52,6336847 98,7870661 70,8867161 73,880787 83,6216584 31,2493392 40,7068343 1,8471318 54,88375 33,1279145 0,836795 74,7004827 23,5646740 3,8320191 85,4840538 34,56794 2,7446755 99,7614523 86,8802953 22,460782 49,819152 35,854935 24,7514285 16,6144026
22,3622194 56,7661248 26,7759778 39,350381 35,3543345 1,2058112 58,1607954 9,7459958 40,9975839 31,5617399 45,7169058 57,2254654 89,8372236 5,2666703 37,8223113 52,1510883 43,4489775 93,4652616 44,3677035 33,8024432 16,5304345 30,2736244 84,99209 47,8319271 46,8304950 68,4759489 75,175246
19,1009112 51,7035736 0,2865973 2,6551840 7,2954636 12,8281381 77,4401243 72,3150628 8,2530254 53,1402802 34,3373350 73,3585732 27,3229031 17,4995414 66,6819389 61,7678391 92,1378646 57,9660318 23,6724380 67,3353422 94,6386098 71,9046852 16,1055752
34,369921 94,6656237 63,4485763 64,7324093 42,6866127 15,8067407 24,4891701 14,7175640 80,8119750 40,9534132 52,1723215 18,4839407 47,9502152 92,3597742 39,4265191 53,7144544 50,3126706 32,4613655 72,3682324 19,4710363 16,2268271 22,9568095 59,554112 37,2041301 87,6133316 48,2695878 90,2960531 10,5410511 35,9418458 0,9414630 81,2509486 21,3486583 49,2862200 44,1442296 74,7863686
56,3263969 17,4504533 1,8934910 39,2792714 18,8662386 58,6121561 25,9617575 24,1848645 83,9026437 78,8855789 14,6852575 38,8985902 15,8255839 52,4772405 96,6456921 95,139536 75,806917 7,1797978 54,9554802 59,439779 94,193089 26,9281692 10,3741378 68,8097659 29,2277253
65,2413510 30,4758652 15,9763529 57,9588331 96,4055499 70,4381617 8,6615122 0,258830 82,5173091 23,8063304 69,1731549 13,7451127 92,7770464 20,4398472 34,7009979 66,1706170 68,8323910 91,5845109 81,464775 67,5724389 76,6967443 98,6050963 75,8478632 37,4761892 32,842214 10,4819485 38,9117225
58,5985588 85,4853684 5,2343665 4,176864 18,3542708 69,7087243 65,1776540 56,32371 26,8729456 82,7145503 93,9746929 80,5137001 40,1560846 42,1235717 14,7328765 67,7074309 90,1443441 43,5792816 86,4989500
10,9496194 12,3502076 28,8442770 97,9081035 27,1501681 85,4469920 63,5036913 26,1590700 0,6928391 98,9157286 83,3717044 49,2306786 50,7340888 6,859918 20,1221846 53,6734488 5,7826377 61,8959349 46,3816578 62,4027080 33,5741341 84,2525890 42,4759714 80,9860127
82,7765775 80,3794025 60,5941834 46,6060593 34,6332245 81,1951764 22,264726 61,2185352 47,3876922 85,894023 83,2835527 76,6833716 99,1667840 97,6122667 2,7438356 13,6466345 30,7120509 73,3581293 28,6566431 91,5154265 6,3421540 86,8411527 98,6950682 3,8370220 27,4500834 12,1777274 10,9454202 69,3502514
79,3107275 1,5819404 78,3717129 58,3516578 93,7372635 25,7507496 61,9860844 14,7859403 87,3932340 71,3196158 55,2430968 27,1146712 33,4309473 30,9688911 31,8197413 85,8315146 12,9649716 20,4991153 50,9734868 42,8937782 48,1558112
34,7454148 18,1659376 47,1390846 4,2062662 86,8390355 85,5003373 5,6369304 16,24527 90,9211732 0,3206574 23,3388955 54,3656453 6,7273201 19,3709788 27,2954892 51,4817432 61,6664066 44,7910037 30,3528062 93,633792 56,6106947 92,7823317
97,4189997 44,4273511 21,1594308 37,9692578 57,7299962 10,2044787 77,2458281 17,7254180 38,7877781 20,3105322 19,6118077 56,3528188 0,6256872 82,5599317 22,6156611 5,9664611 61,602571 59,4921276 18,1520238 13,6574410 58,631025 33,9758032 72,2482779 41,5928609 93,946813 90,5199594 29,4823497
70,1660973 22,5116540 51,4243527 74,7488395 42,2555914 29,7139214 71,3708033 10,3885703 3,579428 58,9977111 33,2070904 73,5728130 96,2814826 17,2269486 20,742200 40,5767237 54,2185392 2,3857125 1,1946926 25,1551082 14,5435215
37,1331680 81,235432 19,3566213 52,2408353 25,5793221 55,7656225 86,2529989 58,63616 82,5529838 18,3568760 10,4674664 20,3163218 62,7414142 0,2570142 79,6795172 85,6011356 36,5529182 66,9408456 67,7802535 41,4564905 73,8854407 7,2429433 57,4474395 29,6277329 51,5002997 15,4816388 71,1038685 14,1881625 91,7957239 26,7571005
74,7317391 20,5082874 83,5188224 89,7394506 96,3727493 98,790230 31,8348229 79,7776224 37,8008673 87,2005633 56,101491 53,6863720 61,7778600 12,6131299 14,3419942 47,3935478 40,2484921 69,5532769 55,5681569 72,1377023 8,3268166 52,3307720 94,5896435 41,1629825 81,3795933 22,1932549 15,8426898 76,9436271 1,2007027
75,539609 70,9262872 45,6959710 38,700720 61,2142998 66,3522627 2,9146535 87,2921709 7,4213269 11,3479572 65,1477055 52,852272 54,975758 18,3489092 39,175732 88,851561 76,9183364 9,8232369 55,1673107 95,8019671 10,8985710
14,2325853 26,4601806 67,8759680 68,4479502 25,6865327 78,5070549 65,1912483 80,6854510 71,1766944 60,7125337 33,3568616 50,9170803 19,1482055 21,7014746 34,6390881 90,3066490 62,2794589 37,7724829 84,1223034 1,958597 42,4233426 49,9716063 69,2068068 85,8713906 41,131404 92,285447 40,6435211 58,7904404 72,6602145
57,5645001 63,8851114 74,5538567 45,6206173 10,1806319 92,1569668 14,1661852 40,2784888 30,2686230 96,2319865 16,6586704 54,3743415 37,2017611 28,1346361 29,9977597 19,5372343 9,4239427 80,6774324 23,179756 60,3987827 72,6790899 78,1676306 5,1757386 32,6408816 26,7772993 76,884181 75,1296500 81,6604213 47,5337782 65,4909520
95,1425266 2,5448864 80,5754654 4,6380885 11,7265859 33,3907435 30,6179239 45,8084517 39,4803082 52,68825 48,7532438 70,9494517 57,7636174 25,6860635 37,9238520 85,2355613 46,1960413 91,348977 19,3260386 63,8815233