11
100
20,5696339 77,939318 80,8982767 79,4198310 32,9006132 63,9089963 96,423462 25,909564 18,9541016 44,9661973 69,6074920 22,4190179 15,8417286 99,2941355 73,7227606 21,6142537 42,776535 97,9297851 81,7943910 78,4327330
44,7636046 11,6095818 33,1356847 82,6941776 80,5115733 72,6536609 13,570327 32,5888970 9,273477 37,142589 46,6192456 98,5050803 68,9858355
48,4037710 80,6788532 35,9973938 18,8189944 17,3969366 13,2072906 50,1851142 36,1285251 64,5239537 23,1530004 73,3936913 16,4560179 54,2769077 94,1557646 31,2815388 95,2437514 37,2893326 41,748807 51,3256651 70,9928893 62,1871604 60,150245 98,2918800 82,3709098
40,4046574 65,6217839 95,8079627 80,9534320 24,1358095 84,2807563 31,9279520 22,4395416 39,8293809 78,2017055 61,7956465 83,7679362 76,7516317 91,3974729 97,4825405 26,8551952 86,2955398 98,5840390 60,4459206 75,6628118 10,2794727 13,4946413 37,2429659 9,8884364
23,9383273 19,8118039 21,2325228 97,324753 72,3746673 90,3282641 16,3727824 39,4741013 54,9701338 51,8982099 67,9460216 86,173571 9,3874979 69,9216260 11,9798777
19,4539055 65,6159112 48,8274606 73,3455148 88,1630115 46,7621007 71,8237491 64,5903291 75,2496751 26,9994070 56,2537243 98,551003 50,8567424 44,6064252 25,9117916 38,4088563 77,9911528 42,4288627 69,5014688 9,399648 90,8784367 24,5429396 83,6717905 66,1288438
30,8455582 19,37181 49,6770094 32,845525 92,3253576 69,42224 0,2977052 41,435757 97,5198550 76,8708576 50,7986282 57,60907 16,2674169 71,2961208 25,8928693 8,372748 35,7464016 15,2367715 62,7112187 87,6196428 52,4080046 82,7274165
55,1830828 24,5476686 16,8961537 64,3386272 20,3708108 69,9902192 43,4475391 23,2748679 96,9769623 79,5139802 15,2555959 29,5764678 32,5175999 17,9908137 10,4821119 41,8711055
64,5183051 68,2439541 83,8081925 76,1131365 2,1324882 88,3546789 38,5113177 23,3164955 3,5008881 75,5183783 69,6857182 51,1714748
32,2830052 59,5393145 4,5738975 88,8844981 54,4550341 51,4956008 65,429688 34,2602267 23,9085358 94,3841965 66,6552158 19,9878908 18,4547329 64,4917013 39,3437294 74,3250306 68,4478881
89,4351286 51,5263202 13,148254 41,6282404 32,7315862 15,2166628 86,4971420 35,2180125 79,2671764 70,6495375 50,3796453 68,992338 23,351278 37,7029192 44,8752360
56,3882177 39,9577632 82,40710 76,2158744 95,401521 86,730441 57,6988459 38,7456791 16,1325275 87,2606042 80,2208804 35,2726910 85,932255 2,6713845 26,3771336 6,6421860 21,9527523 0,4571243 79,8398837 25,7796937
75,9295720 14,3007906 97,2982766 6,1657011 78,8403543 46,1096409 41,9989330 8,3390932 43,5373779 57,5329591 20,4159704 48,9917389 53,9081565 77,5024164 32,1044622 21,5454266 18,2688399
34,5047305 75,1600923 74,1420273 91,5952279 53,979088 38,6996769 63,82925 35,9455690 46,5631338 9,9581703 4,5478797 60,9008841 29,81499
19,8872062 34,5644960 61,9101668 43,8258164 83,9742530 58,394897 8,2992802 38,2687231 98,3101202 82,7220651 26,8472982 87,7892154 6,8671261 74,668830 21,2770974 7,620329 62,5990617 81,1206691 10,831889 96,177405 27,8714358 0,931428 51,5281560 94,1895394
40,8391458 8,7591653 11,8685492 88,3809011 19,1431965 10,1285332 3,815755 34,123184 26,2042771 78,5343835 53,4212997 42,4437651 91,5757994 62,908572 92,6389467 32,878769 16,2523136
38,6095503 11,6293496 41,118178 70,6880529 47,3453600 71,6681648 15,2503261 10,1701231 32,2978264 85,5151382 50,7754582 33,9803497 43,8539359 23,1985842 30,9523415 31,3800251 25,9545241 34,6674564
18,9472424 62,8523044 58,6966466 97,5119107 71,430633 88,1951554 98,8966405 15,8506341 67,2943716 35,2329561 92,8235982 19,3231415 34,163002 60,2010141 24,8604489
21,6588561 36,5706587 14,2952875 10,1127190 79,9427368 53,4845729 92,998933 48,2522035 38,9803387 84,4245348 78,2819116 52,4299751 69,2573579 40,429032 13,3038384 82,1469026
8,6876380 96,1635219 69,8897178 92,8878615 11,6006616 30,4867893 23,8225153 17,7104843 21,2884010 48,3152232 2,1584142 37,7649746 61,6460495 75,7257863 94,6847123 29,9288014 7,3260244 6,4410296 20,3469693 33,7002316
70,3732948 86,6505613 59,3739176 2,8207392 6,4375316 97,1827942 73,9541290 36,4181452 14,842469 69,9064625 28,8510374 30,7148864 98,6691156 17,483627 66,650135 44,369131 94,7249118 88,418961 21,9621131 8,6057960 99,1823943 24,4063260 91,6409271 74,5485195 27,7560624
38,755014 35,9767151 25,2647354 56,907173 91,747930 22,2791624 75,2047995 14,5474601 58,27828 60,7363586 63,5915276 37,776000 0,9966318 32,296129 31,1228944 96,7211466 23,6445551 40,7456924 42,1205263 62,6309545 61,6481860 4,1073220
80,6013627 73,9810088 85,4674617 35,4608194 30,6050945 10,2168102 45,4610975 98,3027793 93,615932 8,2552260 41,1062222 67,4127200 54,7293069 39,4127846 28,613545 13,5846938 87,9906041 29,3732903 62,2667091 81,3467187 76,5468036 16,5714399 74,1037216 33,6958598
2,6901956 22,7020554 74,9680433 37,5570581 89,1547625 51,2023995 93,1071731 79,6635392 9,4330127 96,6295947 95,2954561 33,4730332 57,1512066 56,9798506 28,6704747 67,8876705
21,2763522 65,3110709 34,5882466 72,2258552 16,1828335 13,3888490 0,339204 63,7442976 11,4465216 26,340905 74,3942451 3,1466220 33,8671319 27,9773203 77,9597039 6,8939697 91,8332372 9,1798858 89,3988951 40,7886114
42,4901067 74,2523925 5,9742788 85,9901169 92,4295535 32,3879183 63,8517361 24,7852150 22,4101825 9,4040155 91,151717 17,2110834 88,1370717 11,8381684 82,2958111 10,6629841 12,8570058 70,6626104 28,7972175 66,3286135
93,3051463 4,2731881 55,3012681 39,7323000 41,6896805 21,7737771 20,9044267 17,7377417 22,5883950 50,4027177 87,3620403 34,33560 13,143590 75,9514997 30,2402315 0,4623873 84,7650905 37,9933379 97,9425968 83,684936 49,4241960
21,1548089 96,4835002 26,33407 90,362063 99,3621041 15,8445485 16,2523832 75,1580833 56,4062834 19,5586767 76,2306547 49,7770567 6,513836 97,7809705 42,188274 3,344081 69,666450 35,8690750 45,3619679 43,5833900 4,5419698 51,8470509 30,6107584 94,7751292 2,9271062
89,1009357 30,7294530 47,9024343 53,3126316 7,1151296 14,326191 4,4030919 27,2758472 49,3143874 74,542428 81,4379584 40,3679215 76,8435685 86,4410199 50,2591077 41,3148747 29,2639712 25,4885646 33,2904924
18,2803406 26,5531928 41,4206318 76,1359614 73,2308613 25,2009149 88,1367378 66,5728955 39,5993858 80,1097263 94,589666 38,8944655 87,2702258 9,2575472 83,8061701 44,3227211 78,9020296 48,9573467 37,520632 90,9046457 97,8914551 60,6578123
12,5282480 71,3920012 16,3338098 78,2211303 95,2090403 51,1556691 20,1304914 13,5560887 60,6753336 97,8365011 31,1442831 65,99905 99,2823881 3,2447234 24,2996373 26,2090028 11,6871083 5,5198446 45,6415034 2,9321845 48,7842886 8,3366174 47,1801935 32,6655902
4,6992143 22,9949420 5,5773940 17,7667340 56,1609659 91,8927498 71,5741088 40,2032295 34,994851 93,1309548 29,9526232 92,7280736 1,1234790 12,6742278 48,6322724 16,8489262 21,9326697 32,4656428
74,1340321 35,8557702 60,5351240 65,6605227 21,5029738 85,9799173 31,3986055 51,7657273 99,8361237 50,9800823 28,6750735 89,7361953 7,5477819 73,6487377 43,2246588 30,6392070 0,3450753 96,1913820 11,4937207 37,2122600 18,7570948
67,1716076 27,5586018 9,5944196 1,5191732 0,6467598 88,2409809 97,9665019 22,5405586 45,3535699 75,2050329 55,9478267 50,5942793 79,7972360 4,533448 41,350933
62,2852988 48,5898987 97,2019187 37,1278317 87,5630484 13,8501178 49,1634295 42,7740891 93,4594026 55,6930164 22,3116082 76,2182901 7,7456848 23,3404590
65,4228685 69,1158384 1,9802848 90,4546752 81,9545841 26,3054686 11,8480348 89,3177173 14,1488457 19,2210500 57,6042690 23,3412614 93,5907280 63,3662590 24,2182065 80,8300847 43,6553467 55,7060034 84,5208774 25,9687021 53,263155 38,8406057 96,1306602 29,2480387 28,8267522 31,8244990 17,4589044
98,5936229 13,3011934 11,3287440 80,719735 10,4430428 69,8177088 47,6490267 59,8811364 46,3530889 94,5241750 95,5648077 66,9333364 31,6295450 86,798015 97,4934751 93,1959832 17,6459772 82,9461709 77,8659171 1,3260319 44,3416488 58,365665 50,6601647 91,2418225
44,9170403 6,2745912 81,4346758 52,8203295 79,4736608 66,7646204 42,4095973 33,8922275 26,7263170 24,174129 48,682471 43,8651520 18,5243498 83,2488399 9,912536 58,4513071 15,3313100 17,7410908 47,5680828 16,9349903 60,9823221 28,8043959 35,9584115 94,6359030 86,115014 64,6626488 14,546107
49,3036407 79,7171207 87,3152984 27,9965116 68,2636900 62,9298828 42,8468080 18,4406308 83,746484 85,2699375 6,9427284 52,4324744 41,6150895 98,5698622 37,7003558 94,1240454 53,443962 77,4767396 36,906055 12,4347450 86,1201708 31,3012373
13,8628899 19,8463684 2,2216881 95,5140175 97,1079632 61,217635 76,3590718 79,4631354 25,2863772 81,692997 7,4644423 78,4463738 86,8730083 75,123924 17,1375852 62,3899658 98,6161968 59,5838011 43,7409503 31,9822162 41,1117551 6,780821 22,1594956
21,3503599 72,9674204 60,3559546 12,1955837 35,2305113 88,9456216 47,5733325 82,2849995 74,2533694 85,5530426 94,1868086 91,3339937 10,4254999 64,4494341 8,726060 41,4085174 45,7234666 76,6210648 24,2847348 87,3959182 68,1240566
16,8524883 85,1948143 15,4869356 93,3888230 70,9157746 92,4016388 46,9995519 24,8798944 3,1247025 76,9125066 77,1669626 94,7073841 14,5334793 98,1010171 50,3083781 25,8249711 79,8959668 83,8129023 21,9273752 61,5744835 12,1564975 6,6298340
0,2869846 84,5101738 70,2407053 67,2598638 16,1040261 81,368316 26,7986119 65,6574285 80,5362782 89,3679401 79,2290546 69,538016 63,1072582 66,6058153 61,7743554 41,3378282 37,6522152 12,1891479 14,4940363 55,4829197 1,7090376 60,8832090 85,1224455 45,1346729 92,7964220
84,4503244 92,5310220 60,6622108 26,5022394 32,6460130 80,8786370 68,4090696 33,1046548 59,1081436 27,2122179 18,2686355 97,7779647 95,5205929 19,790082 31,7775356 30,2091697 91,751947 25,6096929
68,9327167 74,5027225 40,9083990 87,1591638 4,7649966 35,966234 73,9141324 24,6273995 6,6239093 0,285473 3,1558158 14,3727042 38,5781712 48,8801819 57,3666003
44,3922225 0,2332940 92,9882783 52,8475291 88,8872538 82,2496433 65,3849987 66,2852611 2,7884850 13,1794736 69,6922457 38,5899465 36,3510318 91,6304714 86,3977179 50,4272469 75,1637357 68,104287 99,3395641 77,858803 23,4562353 83,6905153 47,7065026
21,4160463 14,7864259 89,8904604 10,412163 30,3101113 57,7323847 9,6478034 29,5048004 18,7875435 36,8473136 87,4874589 28,9492165 11,1006269 68,542942 22,1074894
5,914648 69,5038542 46,2257078 58,5433083 30,9026822 84,1907722 32,43601 28,1674520 97,3570689 70,5054576 83,3158061 22,2579502 31,7219201 75,4574453 73,4794770 38,4852779 35,9798582 92,1719246 61,3035420
93,5994869 86,8145211 38,9752588 5,7953448 40,6907287 54,7628105 75,8576505 73,4723118 8,2385032 32,2852145 50,4360946 49,5647694 57,3184637 2,2219730 81,1058449 29,6875713 21,5891763 99,2476889 13,278565 78,1282393 0,5557444 36,3643602 7,9249516 60,4462572
54,5504404 30,5689588 0,1012971 85,7488054 31,5452009 83,7287150 97,2671228 15,890080 48,6513142 22,1491564 70,7452796 12,9307677 13,1676454 36,7483126 5,2942843 46,7585746 62,6165155 69,8205637 24,3593184 2,8181951 92,540536
75,7352787 99,179596 80,226057 10,8694893 35,5710749 8,3692564 70,9587695 32,7967618 72,7422573 76,7696615 84,3314458 88,8732621 81,4373838 65,2875748 44,978953 39,5268832 46,4960398 86,6002882 51,6386674 74,9256379
32,1897881 78,5736229 40,9898647 76,5538856 33,3824804 94,3477215 0,2775904 15,5514018 7,9566237 17,3609823 93,6742427 56,7198376 36,5785268 97,3010925 48,9840162 5,2996947 98,9931232
42,5555161 69,2114287 28,8408568 79,8784161 6,4763309 83,3659509 63,6073109 89,7767186 8,9360138 90,6708721 0,8767076 21,9442667 17,9804128 71,9248133 97,3319979
99,6521801 97,3067355 83,1182824 95,2219139 12,4784025 44,1859069 15,4852057 71,8578868 70,8882120 26,6677302 22,8955041 57,25683 75,1661051 29,9126510 19,6781764 34,1673745 55,2629525
87,3568423 95,5518062 75,7209616 18,4687441 52,3683612 72,8889442 55,7326654 96,1223377 71,1199258
77,420563 43,9856730 42,9608090 33,7914436 0,8211064 67,9605214 20,5164837 10,8083426 93,7304176 14,7997433 73,6140100 16,7777387 37,7972729 84,1241203 92,5193571 28,779964 56,2106756 19,7298169 82,137604 48,8625274 11,4368872
91,202054 99,2440598 90,5253978 87,6543534 59,4045263 57,7448157 38,7868546 36,1475762 51,1099170 84,9157262 98,2073960 47,4604888 81,3877632 77,7811452 21,7325165 95,440374 24,403794 4,7586999 55,6955595
19,2012545 95,5111268 61,2536255 78,6670925 41,9356439 2,6491058 72,7381161 71,2663359 87,4753705 14,9714461 34,3503156 24,2493006 89,5456949 63,3049640 85,3733749 42,1156057 68,6885671 28,5213973 60,4988499 38,1375029 0,9012829 18,1875171 80,7008999 65,8239193
11,7745994 9,9729103 24,5261764 10,7826963 15,784478 28,1751126 39,6902659 86,1432130 65,3269014 51,7515894 41,966311 52,1927559 48,9855560 85,3784854 19,3192980 13,5533675 17,8165690 45,3847733 88,2414800
6,5180315 15,2719787 39,4296186 25,8165166 79,6946600 90,6196439 10,305180 54,7547880 98,1711090 8,7798119 61,2441920 80,2817774 91,6149621 3,5480242 78,7701569 4,4244210 14,2579930 85,4153349 40,7666886
47,4591203 20,5279107 81,6910460 50,2487407 31,5767533 11,974979 86,532048 29,6800290 30,7053152 72,2976686 37,9336263 63,1684867 46,4168683 0,7662091 53,8197588
24,1476378 92,2480260 40,3900246 78,9372091 48,8977391 10,1889120 27,2369000 76,4506189 66,1816332 25,7075674 72,4135630 87,8728113 50,8441271 6,9663960 3,4607712 51,7477544 4,86031 89,2088610 71,2469261 14,1890594 90,7207482 81,1420113 16,2836569 79,3907453 63,6292553 84,7579856
8,9263615 47,793764 78,7523720 23,5400572 40,3425506 14,5162492 80,4396780 89,4035020 74,9251242 42,9118284 22,5124993 99,8272922 21,8094637 58,3046390 91,1323390 11,8823455 1,8805856 9,733331 75,3644935 73,4758956 6,4372334 48,5963456 52,3291040 32,2794985 37,8216317 97,7251294
17,2278668 90,7314501 37,7374363 66,5338248 99,4173067 42,8983377 44,4256392 91,2468551 29,9966302 54,2019887 94,72052 81,5669464 23,104853 39,1592115 40,5299375 25,5645810 28,7316141 96,294126 60,7863189 97,6870587 50,3811925 7,6584480 46,2488367 83,8540992
78,8647865 30,3255134 29,828519 7,8510882 68,1735828 46,2002890 67,3118076 10,3150669 1,6106763 70,300850 31,9722675 96,5332827 84,3313455 44,7236178 48,1992996 14,9810320 27,9047333 71,477439 89,9226495
12,7988518 41,7405946 95,4941025 63,9513958 47,3425995 66,6631166 97,59109 48,2014772 84,4844035 6,5709219 19,6300356 71,1068041 10,5762686 44,1438723 64,4523612 9,2107747 89,1749285 27,2242374 61,5167826 53,3884504 80,4574236 96,1458423 86,2819729 25,9165372
26,2700208 15,9935616 83,8521489 69,3842733 57,6134747 17,1341712 16,7689430 7,5029979 73,4606615 63,5816024 9,2183197 92,5370668 53,4984194 35,5756701 12,4021055 44,1216219
72,1310948 75,4684819 57,9545628 48,6392537 58,3384892 20,447037 25,2937948 65,8996388 95,9003506 91,5361988 97,6878850 98,2638133 92,6418126 13,1227639 93,3890846 61,6414894 77,9528419 73,4453589 66,2605100 6,4057607
96,3439609 81,2026738 46,4997252 35,1358412 54,5144928 42,8066280 72,1845468 75,4901361 29,1557827 97,6817175 25,4725774 17,1323356 9,327305 80,8521648 31,4510660
77,2889414 3,2640695 67,2376095 31,9884086 25,4789803 72,1789631 57,2144391 47,7391466 14,5249774 81,1338531 40,9946819
46,3386493 17,8781745 23,2055275 47,9805295 86,9866828 16,9237138 58,9758534 56,5411633 90,2552208 81,9804317 37,1963427 59,6962309 88,6508886 84,4435766 57,666923 30,2156383 42,5485928 3,2128065 75,2737550
49,7028707 17,814676 74,4738853 82,9012319 77,9397124 57,3376040 19,9397106 97,6327208 98,1140494 78,3699117 8,504079 31,3853439 23,5014401 79,6392014 66,8969080 6,5023630 41,8222177
55,7758679 75,8482279 40,3670097 86,3572742 1,3520071 14,9795926 9,415485 91,6673018 99,7849456 10,4128334 71,6513305 39,6015250 70,2457404 90,721602 61,9195579 25,1631960 30,6463307
23,7647512 39,841871 30,7167528 49,5319367 24,1077544 50,8848841 10,4243194 26,6304309 97,3282441 1,7360286 17,4507192 37,8937670 2,8979496 40,4107262 64,5917038 75,6636661 36,2487335 46,6935379 93,8474938 38,8345584
20,8184758 97,2178947 45,6448805 42,9390958 30,3019362 82,2324124 71,2110596 65,6818215 76,9948141 53,5553989 99,6349210 12,9425736 64,3743294 9,293196 33,703297 58,1909392 91,4768066 35,4688021 29,9619106 36,9650056 73,9222243 52,8637140 87,2849682 61,1959121 85,7452145
7,9775646 73,2303844 60,2425690 51,483979 90,1156296 43,9901438 99,7492479 55,350753 98,8105092 18,4233957 49,8353558 36,762957 13,6805985 22,5860400 52,7444896 48,9603216 92,3580435 40,6299566 42,8082811 23,7090146 34,284155 54,2825191 27,7473288 78,4986701 32,9823266 29,2331891 10,9164387
30,3707334 10,9905162 46,3908152 82,4856552 34,1180215 93,460687 23,506213 24,4332281 73,6202731 85,1146926 40,2151121 68,3108911
85,6204144 10,5577324 7,6310123 13,6408538 43,6444991 47,4548029 18,6789366 70,2863641 65,5467815 4,7205119 79,2455395 60,6974798 61,5958613 95,4941975 0,22207 39,8762888 49,6964822 78,3688175 21,1606422 55,4545569 83,5472019 82,6487395 48,7636019
5,3628775 48,4264306 72,104947 75,4533135 18,3531938 13,3238016 35,1476609 7,6414890 68,6146055 47,442711 20,7531434 85,3318152 59,7368456 50,9082348 53,1440546 32,6854989 21,4759976 69,5880852 23,1248473 42,2126584 51,8132773 71,1137478 15,6990709 19,1637438 62,818104 9,7149260
66,4533006 34,4905466 7,5387735 49,7059717 13,9838640 5,3424267 14,1229985 88,3090034 17,1243615 84,7827256 12,3971055 2,7310865 82,8325461 44,1591583 0,5110713
78,4627911 34,3062598 11,8047731 42,9002524 0,515891 35,3121585 98,830848 14,9496838 69,8901463 91,7899691 29,9393151 19,9470969 7,3752334 67,9621290 70,9949861 62,2838604 51,3205675
2,9704357 88,1872053 77,747986 7,7665692 4,4566495 99,295475 76,7037251 80,2976093 44,7760806 48,8721109 33,9332660 40,8327321 10,1793914 8,2454708 71,9061803 26,6847215 75,8502093 37,1769643
62,3305220 39,5096411 74,5756472 23,5190374 77,7826178 14,3766589 40,8404496 67,4946618 42,8731335 76,3977954 93,9627562 50,3181166 34,2119712 4,4055293 18,8860764 99,1652229 97,7485794 30,2278142 73,4376473 57,5975011 87,5589540 90,7588433
30,9055794 6,3808976 54,5453955 40,9311001 25,8006819 84,2286098 2,8188276 43,107802 21,5890629 42,5596711 75,6133773 27,8187616 80,9483233 85,9733368 11,2216126 79,2693626 68,7080343 1,8374 63,7846257 59,8272642 86,9368079 97,8933248 82,1152236 38,2593177 81,4272739 46,449816 33,6150637 90,3850037 74,295161 66,920479
7,9661273 70,5465036 48,3711380 93,7172121 40,3487710 37,189001 52,2932755 99,1838012 21,5755279 56,8754180 5,5308302 82,1776406 92,6901194 14,1065123 72,5882194 44,3125818 0,3985574 38,4581483
84,7426977 13,1478821 43,5581878 90,3999129 91,5935236 53,4407439 6,3142273 34,2121951 5,931073 15,825859 30,6156383 98,9203578 92,8391369 74,1645302 86,3094382 0,6681460 8,4635348 97,7426286 1,7805692 73,9246249 22,4073906 19,2601117 54,5469629 21,7175776 4,6726189
92,7979329 39,2322802 53,2268365 59,9205780 47,7420280 35,7271315 46,6306700 98,1343201 38,2593983 67,4578618 24,228277 95,7717949 45,4485310 32,9797785 82,9906288 49,3255165 99,9806279 48,2292469 58,1993476 23,7308384 28,3758320 55,7873313 34,2074205 54,1337201
72,8179301 91,789110 78,8701054 19,7274954 82,9512606 67,4599323 5,8966359 20,4197926 31,5358060 65,3354706 74,7960998 63,7205854 1,4553561 26,7856224 92,4927430 7,2226343 14,9369420 64,5492181 95,7957267 42,8932642 49,3335837 55,8601695 76,649092
4,3871889 0,247824 20,6245103 74,8130586 39,9950396 48,8059362 93,3549371 34,1295380 70,7299122 76,5418251 75,6440089 53,9133705 6,3235304 43,9287903 80,5509253 22,1872574 83,6241121 9,626374
68,1442545 51,5508638 48,1465704 9,1708615 7,4495396 32,8830843 33,4382582 34,6769919 6,6213052 55,4337583 58,4738202 66,415479 5,5250101 41,1744927 64,4750555 92,9172314 30,4207248
66,567149 1,2732050 88,9876182 74,7698603 49,5752258 33,7291530 81,7236433 79,5440701 41,514027 80,9873912 94,6660882 62,3421746 68,5651321 71,1163494 65,6497573 76,9880235
16,6285012 32,5726675 26,4638786 52,6942049 79,6344324 35,7101546 51,3719171 83,2800938 90,3609632 41,7735005 44,6540611 45,8667446 12,4073361 28,5368168 10,4018370 58,8721307 69,2653227
45,2884866 58,7911755 82,8347842 60,6572703 61,4353467 68,2732456 89,1513701 17,6695211 81,6435099 53,9738163 54,1363526 90,1940327 49,8941360 52,9877410 99,3943659 43,6239391 98,3849998 51,2192004 32,4281440 40,6681395 10,4655031 86,7952482 78,8446904
81,3100898 30,9995199 52,5128876 4,1606376 84,2609390 90,1190155 1,4839746 46,2952195 80,7734114 89,2907115 95,5589303 13,2005480 87,6723493 49,5550857 8,5920829 73,8637676 51,1321935 91,8072003 47,6742444 35,4554569
5,2296084 59,3789551 87,9369259 60,7897081 28,5429430 88,6431306 23,6929289 36,5558845 47,874854 66,6996088 63,4013111 92,1407880 72,2611012 95,3615970 84,6130517 75,4146041 19,3105116 30,2888052 21,8456869 93,3175057 7,6293892 15,2327990 12,7677506
43,1185142 8,8973979 9,8191339 94,7820741 41,2452208 29,107411 90,7628039 99,8375460 93,7960701 42,1259962 22,1604481 67,6228762 81,5958019 92,2089341 5,5387447 15,2425375 85,569788 98,4420940
68,3279940 47,9694310 14,3392253 50,6611219 26,6653301 88,1810022 40,838145 48,7051502 75,2658091 9,3993270 63,6544947 0,6228658 66,1155030 10,5528586 69,8567906 64,3906853 98,5706516 99,964830
34,4865561 50,7261639 73,1864915 93,187680 3,5798035 82,1046473 17,7049240 36,4170668 75,2554205 85,4492546 33,2484758 31,2601125 41,7448072 28,4507812
16,9480668 43,6980291 97,6035177 31,5728966 92,7708784 26,2366160 61,2901240 56,8622119 83,5525466 99,6058155 8,1770759 63,3225883 38,2655072 60,9397256 54,3342332 46,2518521 65,5829483 74,8558596 17,2012120 53,371252 69,2987301 23,826014
78,1225075 71,5261600 15,8734882 17,1709824 51,2701703 25,2680431 67,4912789 66,6115038 46,7848164 10,9941297 6,8660881 19,9242226 49,3731036 87,3422615 14,6059193 33,7753835 11,5233264 75,2270336 36,5851614 2,4437426 63,9542631 37,2924530 23,2854414 56,2460383 86,8667231 18,3698471