11
50
15,8004589 32,6072347 43,6375605 49,7386977
45,4617864
10,6868451 46,9576126 15,8486135
38,1280030 33,7531811 27,575474
38,8823663 13,9147515
37,8996242 41,2493656
5,4186911 42,9502796
18,448552
16,5427591
38,6329674 26,8435051 49,2441985 13,6708864 5,6324295
29,8125521 12,7460406
30,6446974 46,532697 36,6717624
36,1010509 48,1534649
43,2456683 17,245405

23,309127 16,2106647
40,9804288 38,9523369 6,111756

30,2372470 38,2710983 15,32609 17,742246 29,2096304
15,7551997
35,8852152
17,2163547 15,4946982
3,4951014 40,7274593
34,9826558 27,5749285
3,5200166 20,5571610 26,4036373

13,2255013
35,2878308 39,5730307 22,6967717 44,5902303 8,5273747
13,2713207 24,5238588 16,9426143 0,9424116 27,7917912
44,9460931 5,5456577 48,2049659
39,7281517 16,1115541 43,858793
11,6864935 27,8760423
30,9938201
48,3483975 16,8884536 4,9420141 6,9664306 25,2593548
20,6910344 37,6551466 6,9472364
30,1547369 15,5217627 17,9261045
43,1445492
9,1216909 1,6082983 42,4892662
33,9456154 43,6359378
19,2825616 5,1937735 0,6391847 20,9780654
3,3445984 0,7766021
22,4335705 1,6077654 39,9886841
3,2388438 24,617895
23,6283957 46,7977024 36,2633330 41,2034452 34,8402056
15,8661170 35,8258379 29,2144435 4,9716466
5,276235
24,817694 26,8928706 47,1607357
46,9347586 8,3505183
41,4079114 14,2281782
25,1608922 43,4419924 20,4517260