11
50
7,3903730 27,6096528 6,5426447 41,5869558 22,8535017 31,9140488 45,4180051 46,1650053 38,8892079 16,3807104 49,3344783 28,3684050 34,6884990 14,9988160 37,5708150 19,8005666 1,9457404 47,9689125 17,1812934 2,7828480 40,2217832 39,4813333 48,8669834 24,6361582
28,5681656 31,1679175 36,8768000 25,5378529 23,9091493 48,2796655 22,464728 30,9963701 49,3934877 40,5084734 3,4517891 9,4163676 27,6072348 2,4977188 47,6678251 21,3642026 15,5017388 41,6036015 7,4590384 19,298460 29,9831163 32,3707794 43,7322736 38,3852411 13,9604171 10,5878180 45,7220880 33,2024972 0,636245
19,5923141 10,9178412 16,3006657 46,3978805 35,4626374 36,6116283 32,2818540 6,5231344 43,1509317 11,486095 24,9755208 12,1608757 49,5454166 18,8500914 44,598009 14,8550138 9,3041418
0,9994523 16,9580285 46,818374 25,6442226 28,5320961 12,6959186 26,7791681 23,314007 19,3976263 2,494600 49,3890300 45,7631974 5,8608311 11,4933507 32,4850481 36,9084889 20,7571830 24,5509885 41,2837518 1,4626132 18,6127450 44,2529713 40,6538170 34,8224631 10,7031485 17,4859190 47,5665553
20,7352904 36,6452136 21,2791603 32,4257441 9,348831 49,1376858 0,6330109 47,7723732 40,3235020 27,106390 43,7176529 29,2195822 1,2573320 41,4298648 2,6183538 37,123942 25,1564815 8,793772 24,7035155
16,2240567 19,4549467 13,3814045 38,3148791 47,7950877 17,4273448 8,9600834 3,9952737 1,2632155 20,6051230 7,8892401 10,8210923 46,779606 41,9981016 42,2606669 27,7390361 24,5030786 34,7471747 2,1948832 32,63146 4,2969671 30,9127443 18,2529292 22,8892175 44,9405943 45,6435233 6,5043314 26,3786539 12,89929
29,6811440 32,6558513 37,1647708 1,8249149 42,9254570 39,7966827 11,9848464 36,5197681 10,2466210 4,3724749 12,711051 33,5527338 46,2260610 40,483666 23,3657820
14,9349907 3,6232680 18,3714795 34,6143515 32,5266705 20,3532039 24,870380 6,9094653 2,9679246 1,4552484 0,75231 47,1361413 5,1594635 42,5832841 44,4637439 30,6574989 13,7376160 27,820134 37,9218066 29,8396214 19,8306853 10,9802211 49,291952 12,8560231 43,7684994 23,4767309 16,2574833 25,6430356
0,6741209 34,6760153 37,6323776 11,8572622 44,9048655 12,7199093 6,4337955 20,8830489 43,506932 35,8157739 15,7827430 32,4467909 16,6138492 33,5234134 7,5118137 22,1576036 26,2625697 31,9770262 27,9013592
28,2971515 1,743898 40,7932682 35,289329 47,7564479 14,2907830 19,3981091 26,6791457 25,89903 7,1823374 23,6354089 8,8299607 3,3568068 17,5318604 38,476546 39,6728358 21,45123 46,23247 37,9399316 11,8631612 22,3522211 33,8736922 41,8506317 27,5679876 49,4823755 45,2483241 2,7515098
27,7887114 15,1709193 42,6866373 13,692810 26,977909 24,9873805 32,6922989 33,5521010 37,7572675 48,8399301 19,826698 1,5812880 35,994516 23,5523663 17,2605638 25,364 46,2905594 31,2550051 7,4594724 45,8530636 11,3588384 40,7583384 12,3038399 34,9223677 5,5848411 28,2727806
16,1360754 6,9312324 49,8521737 13,3570771 39,3529255 40,5663751 9,547063 28,7531078 1,6129240 32,1755234 21,3709804 48,5107973 3,7311030 14,9691444 34,3091600 47,9653204 31,6610158 20,5580846 35,4722972 37,2911139 0,4285430 46,8235974 33,9664214
2,8255437 9,1238886 40,4469595 19,996747 11,9357406 46,8622052 37,3674411 43,944183 42,9463987 14,1411640 1,8117516 45,4962912 34,6717910 41,6819729 18,2711306 47,5342596 17,9125649 3,5899603 32,9261937 49,7516943 38,1512463 13,8973784
39,8286 27,5923 25,2389797 20,1874853 9,4017514 0,6837312 46,6703192 33,5366881 31,4788706 48,2796635 40,132149 12,8279990 38,4128153 47,7413101 23,6827664 42,6946507 19,6036067 49,8246390 41,5093718 45,7662383 29,2292111 11,8688606 17,7567747
33,3695340 2,8179354 3,6375629 26,3677278 15,7635156 22,230242 38,1254302 39,6657984 23,484863 41,1790282 32,2220793 28,385385 20,6502224 36,57762 35,1866865 46,9837613 17,4677316 10,1911898 4,8458481 25,2218065 9,1931934 7,3979332 1,9041712 43,9691301 16,3300154 21,1316432
13,4241952 20,5298676 28,8785426 49,2431779 26,8960183 6,7229778 33,5178867 27,2191149 5,9018864 2,7548750 18,966378 17,3732373 48,1183514 3,2869241 35,6968339 32,8156865 29,3202268 37,3299471 22,8822714 14,4407639 7,9548163 0,4192710 44,1138917
18,4819370 27,4078505 10,4925530 26,1003885 24,1035246 12,8855330 43,7294413 47,3300629 44,4859665 22,7592401 21,5244602 7,9237118 6,5737992 11,2282176 45,7706879 30,7304931 19,99443 25,3105037 1,7009882 46,7663367 14,4629752 23,2946089 0,3696769 48,172779 41,1664618 13,2495318 36,6708647 34,9990522
30,1963172 28,9919521 49,5245740 16,3826374 40,165595 25,7481367 2,9090290 12,8692623 43,5368150 15,6907994 11,3964584 14,3462036 33,6685853 34,3270762 1,8744510 5,2087025 23,4374666 21,4602102 36,519463 39,2396053 22,8911729
49,3122586 2,6696085 35,284668 34,8176189 1,555219 14,1876111 27,3818716 10,3027336 5,4599644 15,6065328 6,6279103 25,7858368 19,2434247 7,8155836 17,681359 33,4842858 47,1537937 20,2431297 36,6850262 22,9631785 32,8715977 0,2265918 21,9670796 4,4116402 8,2257553 45,1459403 30,2846717 48,9955262 39,7987186
11,6159724 32,7889533 20,2927899 5,8200705 17,6514437 33,2811583 30,3719646 46,8425537 43,1147123 39,8580726 13,2052363 45,3052312 36,944897 22,9273785 4,6279317 49,375236 26,2417885 10,9370206 47,7283374
39,7887800 29,23722 7,3068167 5,725909 47,43807 6,3358102 45,8841409 24,5517386 30,6379396 18,5951534 36,5096960 1,1734105 48,8893775 13,2753841 33,964735 31,2544033 8,3959617 40,7042138 3,5256601 12,3970696
20,2208216 34,5521506 2,5344460 30,7408344 3,7425746 4,8382631 44,633666 45,707267 32,2891397 26,1130613 27,5430013 19,5391943 16,2215926 38,7873412 46,5246109 11,1987906 17,7883313 43,7987767 42,5884168 22,3238881 25,5639023 12,8215658 9,9442856 36,7802004
35,8769526 41,2961017 10,7336377 24,5158322 27,4142237 0,3835889 44,8769224 23,3082197 17,9362790 42,5163603 8,7496009 28,1694062 46,4716638 45,2951082 43,4616159 11,3220921 7,425236 36,3874513 1,9905276 13,6852634 19,565281 14,5269856 47,3344840 49,81326 5,8536709 26,4102401
4,4876032 47,5443386 26,3603387 16,9224214 18,2624484 11,2736920 36,7388457 32,5904167 34,514623 30,7844580 38,4091957 22,9498126 17,5171818 28,4041513 7,1218728 20,4876625 27,9315800 46,5851203 39,3970265 33,549702 35,5976947 25,8611431 40,9706999 19,7829607
28,5886253 20,1006232 21,976580 40,3302851 48,9536060 7,4624233 34,4156066 3,4824182 16,3116945 17,4850768 46,5493312 1,4513332 47,6246512 6,8310398 23,2713325 33,2359981 13,4469191 44,3740118 39,3272213 18,8964788 14,6702173 4,2053412 22,1794916 26,7802082
31,195372 39,4968217 17,512240 24,9953637 48,6397280 23,6867602 0,2713835 4,3313609 5,7073699 6,1539543 36,1263172 21,7319510 47,3112997 2,4593282 45,6453301 33,6944679 20,4640933 49,5951297 42,3721834 15,2756811 13,2553858 38,5624013 10,3244789 14,7774260 26,5171071 43,4611040 46,2674192 19,108720 7,6875490 34,6294028 41,9980048
32,8782989 15,428315 11,2245008 8,4378400 39,2549073 37,2825531 13,2578218 19,3085091 49,8731760 27,801557 3,4715126 45,874908 34,9590395 41,1773254 0,2286345 35,4609013 47,6995279 30,1545288 12,3880719 21,7938885 23,8505693 6,428219 9,7128335 31,6156304 5,9602021 40,2220083 33,4513613
35,5096581 49,2259617 30,3120475 1,4717044 9,2974042 32,3850403 13,6750904 12,2010801 33,8522533 16,5896421 45,5487148 40,3886792 19,5913455 44,1827227 22,6506118 2,5147167 4,3712606 20,4920382 14,5536704 21,9475769 39,5969944 23,1242816 31,6405305 5,703446 25,5898208 18,4296244
7,6458330 8,3653076 6,1914256 48,5329114 43,9657207 12,9134039 19,454341 24,8779059 1,5717874 21,2692761 30,153661 46,5553455 47,4634892 10,4021547 31,9688589 40,4823760 39,3142167 32,6634503 36,5992828 35,1209444 9,1900191 42,9384665 13,2618536 33,9102149 38,6999638
24,8626963 22,2995855 32,8727413 25,7433129 23,4753632 1,2509266 11,6335240 21,9722320 33,7296882 39,8526208 34,7825656 27,8541986 45,290591 17,5356603 10,5482661 26,9709512 37,5787275 5,3476550 9,709368 16,4572580 15,2004944 42,4044957 18,4956380 35,8772971 30,1176031
33,5115022 4,5368961 47,6691442 36,4992441 2,7714866 49,3541232 45,1273239 44,9755 46,4799878 42,1276817 6,4992720 14,232098 41,2570703 40,4339217 22,5923973 43,9779009 23,1671221 16,4750179 8,2611345 11,3660243 34,7969458 9,5342835 29,6337019 13,3746289
27,8225371 46,9213756 41,2201515 11,6185852 21,3150050 33,683539 48,1358773 15,434370 1,3365421 47,3558144 30,3450857 2,8264280 0,7385062 43,4400922 20,8679623 28,9997850 24,9164797 45,3544794 44,3271802 23,9876308 12,414168 34,3431440 32,4203232 13,235200 38,587600 4,4755336 22,4239050 18,760935 49,1387515
9,2395615 16,2572467 34,4197480 38,8507507 20,4817029 4,5575242 49,2416649 5,2502294 11,9429713 14,9337011 25,376336 30,3591166 10,8438324 6,3565066 22,1922663 26,6547410 39,4565575 41,1483302 21,1877761 15,5266318 24,2698003 23,8691466
14,6771389 10,2075954 27,5276523 40,5203920 39,4167803 17,4807753 38,7638453 24,6491194 13,9090070 49,6470515 48,9753077 32,9267604 6,8029121 22,2082918 42,4882980 34,4246156 30,3538418 28,9823117 0,7312637 3,636796 8,3981779 31,1263909 19,8800575 41,7946897 7,2524393 44,1221480 16,3700146 4,4954112 5,797794
33,2204728 0,5954626 22,1813478 12,2508107 47,6569814 3,2366064 21,415752 28,465624 11,2317954 42,7515233 23,9166229 18,5184251 10,4243459 31,4595195 20,8732076 6,1182686 27,2992343 38,6903322 19,1220642 1,3095837 44,5278430 5,8742050 43,3113247
7,973030 43,4393241 19,2752670 21,3930984 2,6715274 13,4152546 49,4241954 34,8918893 32,4574705 47,3825733 14,7513883 48,7890813 23,7609082 0,7531994 44,8603771 26,2395347 42,2640138 11,5580515 18,159605 1,8553800 16,8810887 41,8265616 12,7255266 25,566598 6,5455436 38,5571121 3,2086907 5,6525952 22,9778657
17,9584669 21,7841987 19,5019516 38,7931154 5,6891471 34,5966652 33,812570 26,9406086 27,5448419 31,5941061 35,861824 25,5980153 29,1863584 28,3295384 41,7742878 11,9039750 8,1592292 44,3703310 22,1151481 18,4924898 37,4735373 4,274752 2,8927083 30,214750
44,5880640 18,3711914 3,5208825 21,2366869 41,1578616 42,9552944 14,9413975 4,6873337 28,6861408 0,377490 16,1769308 7,9527140 30,628525 26,7332945 43,33251 5,8373567 38,5133900 27,6159587 25,1778355 20,8353816 46,8478670 39,5451912 11,1315924 19,1739641
1,5971498 33,6444542 48,3412575 46,9941627 41,771421 0,5067168 2,6247118 31,6932716 47,5342900 43,2386103 35,3905130 23,3597475 25,2157622 9,9896224 13,6531596 34,6823665 10,5657613 37,3465127 11,2014018 24,6669939 8,321053 12,2805867 14,9183821 36,5186500 26,139851 16,1210595 4,3180166 5,3238785
36,7628715 20,8931060 18,2132889 0,3278567 7,1162116 45,1304219 42,2460124 16,7164019 10,1043622 11,4048995 27,5792091 12,7636583 32,6778408 29,8095243 33,4894604 8,5522076 21,4987036 3,7832089 44,6666036 17,2665839 30,3278841 37,4475187 24,800469 13,2240633 22,9957530 48,1099790
22,8321972 24,3957009 13,6432051 11,6797372 33,9316030 39,9606733 46,15090 1,5631937 23,3043866 27,9208307 25,4827878 0,2913681 37,5320945 44,6714488 42,733047 15,5464260 31,6701401 3,1683108 12,6176028 49,9710525 5,5061027 9,1305440 43,1902669 14,5008609 17,791486 2,3147930 6,5328665 41,6593596
3,4601196 21,1230730 27,5761101 43,9685668 10,2561839 25,1283481 44,616477 33,7532641 22,8917351 9,1703430 46,7895761 39,7781805 28,3853861 4,5925636 5,5398583 11,458672 49,3764789 47,8624238 20,9618857 48,9081994 15,9915910 0,672073 16,9725168 18,6777536
4,6284067 43,2296080 15,9724391 11,8291363 44,6747419 45,5310875 30,5800235 29,9849979 25,4388886 34,3671467 8,7412807 12,329733 3,3318223 37,9165196 2,1463738 41,6870493 46,1728088 6,6631505 20,8138167 33,604194 5,147739 10,8940734 16,5049873
39,943527 1,7266550 27,6562953 3,9415120 35,5793287 29,5341837 17,8821928 41,5777127 48,1133626 5,6209392 47,5344740 19,7644334 18,4590911 2,7621761 31,744267 10,1092319 37,7060937 13,9372827 21,4857202 49,2056310 4,4912255 22,8255120 46,3246075 24,9514059 11,189104 45,8272251
0,5819929 29,20003 40,2990674 35,8571107 24,9656191 6,9323550 47,8549219 19,2010101 30,5860563 48,2370678 8,7112912 45,792470 14,338091 49,4894462 36,639189 46,6953970 20,8791887 4,7284849 38,1172062 2,2663471 23,858538
11,5893141 33,7420693 1,4048277 4,5270215 48,9445863 27,6615756 20,7312176 2,9637533 17,2279715 41,9362637 37,1364725 26,2367756 22,9749486 13,741912 12,3568228 19,8203984 34,2738475 21,1619729 23,5894804 0,9600678 49,7458919 5,5158168 44,7606014 28,988327 18,9297042
14,9374568 49,7109964 5,803535 24,4854104 48,2059753 31,8734454 3,6737462 39,2415836 34,3303317 10,162735 17,5265762 25,2800891 6,9590320 19,282180 16,8050015 45,7791452 38,8970500 44,7866508 28,9236998 40,3943124 7,3792614 4,3512740 23,9189570 22,8838852 41,7009143 36,9773140 35,9292685 12,7131668
22,7775100 6,1821319 17,64552 7,6258966 8,3264924 25,5547779 18,5106732 42,1626129 3,334797 27,7468796 33,4000711 14,3068575 26,7056131 48,1546241 32,5736991 43,4528154 24,7702857 19,8905563 37,7746938 29,551243 0,5164655 20,2916449 36,4133580 45,9285157
32,2595952 22,1602855 34,1005564 23,9437541 25,1031197 27,7722600 11,3231761 37,1731119 21,4571645 41,1420779 2,4901852 13,4098960 5,2592628 1,4148151 19,5778387 10,6768643 44,7862447 12,9922960 24,5519102 9,125564
9,5267001 40,2092383 27,4923266 28,1722713 1,717573 30,1155712 41,4115338 45,6597005 6,2053169 13,3520187 7,5623555 5,2571425 34,5709556 39,5879712 33,3329766 10,9588239 26,200236 15,2053878 36,4038658 20,5167621 2,5481852 8,4017700